10180001,2003.714342,31.907,64.365,,,,7,,,,6.9512,26.7924,5.6863,36.3731,213.71,-9.99,0.044,,,-9.99
10180001,2003.714342,31.907,64.365,,,,9,,,,8.9372,26.7211,5.6784,36.3712,213.68,-9.99,0.038,,,-9.99
10180001,2003.714342,31.907,64.365,,,11,,,10.9232,26.6677,5.6726,36.3711,213.92,-9.99,0.033,,,-9.99,,
10180001,2003.714342,31.907,64.365,,,13,,,12.9091,26.6573,5.6716,36.3715,213.81,-9.99,0.041,,,-9.99,,
10180001,2003.714342,31.907,64.365,,,15,,,14.8951,26.6476,5.6707,36.3718,213.8,-9.99,0.047,,,-9.99,,
10180001,2003.714342,31.907,64.365,,,17,,,16.881,26.6439,5.6704,36.372,213.58,-9.99,0.041,,,-9.99,,
10180001,2003.714342,31.907,64.365,,,19,,,18.8669,26.641,5.6702,36.3721,213.68,-9.99,0.052,,,-9.99,,
10180001,2003.714342,31.907,64.365,,,21,,,20.8528,26.6368,5.6698,36.372,213.92,-9.99,0.055,,,-9.99,,
10180001,2003.714342,31.907,64.365,,,23,,,22.8387,26.6325,5.6695,36.3722,213.61,-9.99,0.052,,,-9.99,,
10180001,2003.714342,31.907,64.365,,,25,,,24.8245,26.631,5.6694,36.3725,213.64,-9.99,0.051,,,-9.99,,
10180001,2003.714342,31.907,64.365,,,27,,,26.8104,26.628,5.6692,36.3725,213.74,-9.99,0.057,,,-9.99,,
10180001,2003.714342,31.907,64.365,,,29,,,28.7962,26.6261,5.6691,36.3726,213.4,-9.99,0.052,,,-9.99,,
10180001,2003.714342,31.907,64.365,,,31,,,30.782,26.6256,5.6692,36.3732,213.7,-9.99,0.061,,,-9.99,,
10180001,2003.714342,31.907,64.365,,,33,,,32.7678,26.6115,5.6682,36.3762,213.72,-9.99,0.06,,,-9.99,,
10180001,2003.714342,31.907,64.365,,,35,,,34.7535,26.5727,5.6652,36.3845,213.83,-9.99,0.062,,,-9.99,,
10180001,2003.714342,31.907,64.365,,,37,,,36.7392,26.5035,5.6597,36.3987,213.96,-9.99,0.067,,,-9.99,,
10180001,2003.714342,31.907,64.365,,,39,,,38.725,26.4806,5.6583,36.4058,214.08,-9.99,0.071,,,-9.99,,
10180001,2003.714342,31.907,64.365,,,41,,,40.7107,26.4636,5.6568,36.4082,214.33,-9.99,0.075,,,-9.99,,
10180001,2003.714342,31.907,64.365,,,43,,,42.6963,26.4348,5.654,36.4094,214.49,-9.99,0.076,,,-9.99,,
10180001,2003.714342,31.907,64.365,,,45,,,44.682,26.348,5.6451,36.413,214.63,-9.99,0.074,,,-9.99,,
10180001,2003.714342,31.907,64.365,,,47,,,46.6676,26.2576,5.6359,36.4171,214.82,-9.99,0.075,,,-9.99,,
10180001,2003.714342,31.907,64.365,,,49,,,48.6533,26.1802,5.6282,36.4215,214.81,-9.99,0.068,,,-9.99,,
10180001,2003.714342,31.907,64.365,,,51,,,50.6389,26.032,5.6125,36.4241,214.56,-9.99,0.08,,,-9.99,,
10180001,2003.714342,31.907,64.365,,,53,,,52.6244,25.487,5.5561,36.4436,215.37,-9.99,0.089,,,-9.99,,
10180001,2003.714342,31.907,64.365,,,55,,,54.61,24.861,5.4921,36.4715,216.61,-9.99,0.104,,,-9.99,,
10180001,2003.714342,31.907,64.365,,,57,,,56.5955,24.3975,5.4452,36.4948,217.25,-9.99,0.119,,,-9.99,,
10180001,2003.714342,31.907,64.365,,,59,,,58.5811,23.856,5.3907,36.5232,217.4,-9.99,0.139,,,-9.99,,
10180001,2003.714342,31.907,64.365,,,61,,,60.5666,23.6851,5.3744,36.5392,217.1,-9.99,0.147,,,-9.99,,
10180001,2003.714342,31.907,64.365,,,63,,,62.5521,23.4741,5.3535,36.552,217.2,-9.99,0.17,,,-9.99,,
10180001,2003.714342,31.907,64.365,,,65,,,64.5375,23.3048,5.3362,36.5582,219.11,-9.99,0.22,,,-9.99,,
10180001,2003.714342,31.907,64.365,,,67,,,66.523,23.1132,5.316,36.5607,220.31,-9.99,0.257,,,-9.99,,
10180001,2003.714342,31.907,64.365,,,69,,,68.5084,22.8258,5.2856,36.5632,219.75,-9.99,0.265,,,-9.99,,
10180001,2003.714342,31.907,64.365,,,71,,,70.4938,22.2686,5.2269,36.5703,219.42,-9.99,0.302,,,-9.99,,
10180001,2003.714342,31.907,64.365,,,73,,,72.4792,21.8096,5.1806,36.5913,216.45,-9.99,0.403,,,-9.99,,
10180001,2003.714342,31.907,64.365,,,75,,,74.4646,21.5953,5.1591,36.6011,214.56,-9.99,0.442,,,-9.99,,
10180001,2003.714342,31.907,64.365,,,77,,,76.4499,21.3566,5.1345,36.6069,213.04,-9.99,0.449,,,-9.99,,
10180001,2003.714342,31.907,64.365,,,79,,,78.4353,21.2412,5.1225,36.6089,211.77,-9.99,0.434,,,-9.99,,
10180001,2003.714342,31.907,64.365,,,81,,,80.4206,21.1063,5.1087,36.6127,210.84,-9.99,0.401,,,-9.99,,
10180001,2003.714342,31.907,64.365,,,83,,,82.4059,21.064,5.1047,36.6153,210.02,-9.99,0.389,,,-9.99,,
10180001,2003.714342,31.907,64.365,,,85,,,84.3911,21.0196,5.1003,36.6175,211.26,-9.99,0.344,,,-9.99,,
10180001,2003.714342,31.907,64.365,,,87,,,86.3764,20.9603,5.0949,36.624,211.99,-9.99,0.34,,,-9.99,,
10180001,2003.714342,31.907,64.365,,,89,,,88.3616,20.8368,5.0829,36.6324,211.61,-9.99,0.35,,,-9.99,,
10180001,2003.714342,31.907,64.365,,,91,,,90.3468,20.731,5.0716,36.6312,211.01,-9.99,0.339,,,-9.99,,
10180001,2003.714342,31.907,64.365,,,93,,,92.332,20.6586,5.0636,36.6279,210.2,-9.99,0.313,,,-9.99,,
10180001,2003.714342,31.907,64.365,,,95,,,94.3172,20.5985,5.057,36.6253,209.21,-9.99,0.273,,,-9.99,,
10180001,2003.714342,31.907,64.365,,,97,,,96.3024,20.4263,5.0387,36.6239,208.58,-9.99,0.251,,,-9.99,,
10180001,2003.714342,31.907,64.365,,,99,,,98.2875,20.3193,5.0278,36.6265,208.56,-9.99,0.218,,,-9.99,,
10180001,2003.714342,31.907,64.365,,101,,100.2726,20.2183,5.0175,36.6292,208.33,-9.99,0.187,,,-9.99,,,,
10180001,2003.714342,31.907,64.365,,103,,102.2577,20.0223,4.997,36.6305,207.58,-9.99,0.182,,,-9.99,,,,
10180001,2003.714342,31.907,64.365,,105,,104.2428,19.8982,4.984,36.6304,207.72,-9.99,0.157,,,-9.99,,,,
10180001,2003.714342,31.907,64.365,,107,,106.2279,19.8102,4.9749,36.6316,207.85,-9.99,0.132,,,-9.99,,,,
10180001,2003.714342,31.907,64.365,,109,,108.2129,19.7559,4.9693,36.6316,207.93,-9.99,0.121,,,-9.99,,,,
10180001,2003.714342,31.907,64.365,,111,,110.198,19.6763,4.961,36.6321,207.75,-9.99,0.117,,,-9.99,,,,
10180001,2003.714342,31.907,64.365,,113,,112.183,19.6116,4.9544,36.6328,207.69,-9.99,0.111,,,-9.99,,,,
10180001,2003.714342,31.907,64.365,,115,,114.1679,19.5806,4.9512,36.6326,207.82,-9.99,0.107,,,-9.99,,,,
10180001,2003.714342,31.907,64.365,,117,,116.1529,19.5518,4.9482,36.6322,207.93,-9.99,0.101,,,-9.99,,,,
10180001,2003.714342,31.907,64.365,,119,,118.1379,19.5187,4.9446,36.631,208.03,-9.99,0.092,,,-9.99,,,,
10180001,2003.714342,31.907,64.365,,121,,120.1228,19.4845,4.9411,36.6306,207.96,-9.99,0.082,,,-9.99,,,,
10180001,2003.714342,31.907,64.365,,123,,122.1077,19.4538,4.9379,36.6305,207.86,-9.99,0.085,,,-9.99,,,,
10180001,2003.714342,31.907,64.365,,125,,124.0926,19.4174,4.9341,36.6298,207.93,-9.99,0.079,,,-9.99,,,,
10180001,2003.714342,31.907,64.365,,127,,126.0775,19.3881,4.931,36.6293,208.02,-9.99,0.074,,,-9.99,,,,
10180001,2003.714342,31.907,64.365,,129,,128.0623,19.3547,4.9275,36.6286,208.11,-9.99,0.072,,,-9.99,,,,
10180001,2003.714342,31.907,64.365,,131,,130.0471,19.326,4.9246,36.6282,208.11,-9.99,0.066,,,-9.99,,,,
10180001,2003.714342,31.907,64.365,,133,,132.032,19.3187,4.9239,36.6282,208.09,-9.99,0.053,,,-9.99,,,,
10180001,2003.714342,31.907,64.365,,135,,134.0167,19.3086,4.9229,36.6284,208.03,-9.99,0.058,,,-9.99,,,,
10180001,2003.714342,31.907,64.365,,137,,136.0015,19.2947,4.9215,36.6279,207.99,-9.99,0.054,,,-9.99,,,,
10180001,2003.714342,31.907,64.365,,139,,137.9863,19.2837,4.9203,36.627,207.98,-9.99,0.051,,,-9.99,,,,
10180001,2003.714342,31.907,64.365,,141,,139.971,19.2726,4.9191,36.6262,208.01,-9.99,0.055,,,-9.99,,,,
10180001,2003.714342,31.907,64.365,,143,,141.9557,19.2449,4.9161,36.624,208.3,-9.99,0.06,,,-9.99,,,,
10180001,2003.714342,31.907,64.365,,145,,143.9404,19.2162,4.9129,36.6221,208.47,-9.99,0.059,,,-9.99,,,,
10180001,2003.714342,31.907,64.365,,147,,145.9251,19.1866,4.9097,36.6206,208.48,-9.99,0.052,,,-9.99,,,,
10180001,2003.714342,31.907,64.365,,149,,147.9098,19.1751,4.9086,36.6206,208.59,-9.99,0.049,,,-9.99,,,,
10180001,2003.714342,31.907,64.365,,151,,149.8944,19.1534,4.9062,36.619,208.74,-9.99,0.044,,,-9.99,,,,
10180001,2003.714342,31.907,64.365,,153,,151.879,19.1275,4.9034,36.6176,209.03,-9.99,0.044,,,-9.99,,,,
10180001,2003.714342,31.907,64.365,,155,,153.8636,19.1098,4.9013,36.615,209.17,-9.99,0.044,,,-9.99,,,,
10180001,2003.714342,31.907,64.365,,157,,155.8482,19.0924,4.8994,36.613,209.25,-9.99,0.044,,,-9.99,,,,
10180001,2003.714342,31.907,64.365,,159,,157.8328,19.0649,4.8963,36.611,209.19,-9.99,0.045,,,-9.99,,,,
10180001,2003.714342,31.907,64.365,,161,,159.8173,19.0523,4.8952,36.6118,209.12,-9.99,0.04,,,-9.99,,,,
10180001,2003.714342,31.907,64.365,,163,,161.8018,19.05,4.8951,36.6125,209.12,-9.99,0.042,,,-9.99,,,,
10180001,2003.714342,31.907,64.365,,165,,163.7863,19.043,4.8944,36.612,208.99,-9.99,0.042,,,-9.99,,,,
10180001,2003.714342,31.907,64.365,,167,,165.7708,19.036,4.8937,36.6111,209.08,-9.99,0.037,,,-9.99,,,,
10180001,2003.714342,31.907,64.365,,169,,167.7553,19.0292,4.893,36.6107,209.15,-9.99,0.038,,,-9.99,,,,
10180001,2003.714342,31.907,64.365,,171,,169.7397,19.0225,4.8923,36.6102,209.09,-9.99,0.031,,,-9.99,,,,
10180001,2003.714342,31.907,64.365,,173,,171.7242,19.0196,4.8921,36.6101,209.12,-9.99,0.032,,,-9.99,,,,
10180001,2003.714342,31.907,64.365,,175,,173.7086,19.0144,4.8916,36.61,209,-9.99,0.037,,,-9.99,,,,
10180001,2003.714342,31.907,64.365,,177,,175.693,19.007,4.8909,36.6096,208.87,-9.99,0.037,,,-9.99,,,,
10180001,2003.714342,31.907,64.365,,179,,177.6773,18.9935,4.8895,36.6089,208.81,-9.99,0.039,,,-9.99,,,,
10180001,2003.714342,31.907,64.365,,181,,179.6617,18.9653,4.8864,36.6071,208.9,-9.99,0.037,,,-9.99,,,,
10180001,2003.714342,31.907,64.365,,183,,181.646,18.9447,4.8841,36.6056,209.02,-9.99,0.037,,,-9.99,,,,
10180001,2003.714342,31.907,64.365,,185,,183.6303,18.9178,4.8813,36.6044,209.28,-9.99,0.033,,,-9.99,,,,
10180001,2003.714342,31.907,64.365,,187,,185.6146,18.9102,4.8805,36.6042,209.42,-9.99,0.029,,,-9.99,,,,
10180001,2003.714342,31.907,64.365,,189,,187.5989,18.9035,4.8799,36.6043,209.59,-9.99,0.021,,,-9.99,,,,
10180001,2003.714342,31.907,64.365,,191,,189.5832,18.8826,4.8776,36.6024,209.65,-9.99,0.025,,,-9.99,,,,
10180001,2003.714342,31.907,64.365,,193,,191.5674,18.8589,4.8751,36.6015,209.83,-9.99,0.028,,,-9.99,,,,
10180001,2003.714342,31.907,64.365,,195,,193.5516,18.8555,4.8748,36.6014,209.81,-9.99,0.027,,,-9.99,,,,
10180001,2003.714342,31.907,64.365,,197,,195.5358,18.8533,4.8747,36.6013,209.78,-9.99,0.03,,,-9.99,,,,
10180001,2003.714342,31.907,64.365,,199,,197.52,18.8537,4.8748,36.6013,209.79,-9.99,0.032,,,-9.99,,,,
10180001,2003.714342,31.907,64.365,,201,,199.5042,18.854,4.8749,36.6012,209.86,-9.99,0.032,,,-9.99,,,,
10180001,2003.714342,31.907,64.365,,203,,201.4883,18.8539,4.875,36.6011,209.82,-9.99,0.031,,,-9.99,,,,
10180001,2003.714342,31.907,64.365,,205,,203.4724,18.8537,4.875,36.601,209.77,-9.99,0.031,,,-9.99,,,,
10180001,2003.714342,31.907,64.365,,207,,205.4565,18.8534,4.8751,36.6009,209.75,-9.99,0.032,,,-9.99,,,,
10180001,2003.714342,31.907,64.365,,209,,207.4406,18.8525,4.8751,36.6008,209.91,-9.99,0.032,,,-9.99,,,,
10180001,2003.714342,31.907,64.365,,211,,209.4247,18.8505,4.8749,36.6006,210.06,-9.99,0.028,,,-9.99,,,,
10180001,2003.714342,31.907,64.365,,213,,211.4087,18.8463,4.8745,36.6003,210.1,-9.99,0.028,,,-9.99,,,,
10180001,2003.714342,31.907,64.365,,215,,213.3927,18.8448,4.8745,36.6002,209.99,-9.99,0.032,,,-9.99,,,,
10180001,2003.714342,31.907,64.365,,217,,215.3768,18.8439,4.8744,36.6,209.95,-9.99,0.032,,,-9.99,,,,
10180001,2003.714342,31.907,64.365,,219,,217.3607,18.8415,4.8742,36.5999,210.13,-9.99,0.03,,,-9.99,,,,
10180001,2003.714342,31.907,64.365,,221,,219.3447,18.8401,4.8742,36.5998,210.05,-9.99,0.028,,,-9.99,,,,
10180001,2003.714342,31.907,64.365,,223,,221.3287,18.8397,4.8742,36.5999,209.84,-9.99,0.021,,,-9.99,,,,
10180001,2003.714342,31.907,64.365,,225,,223.3126,18.8377,4.8741,36.5997,209.99,-9.99,0.028,,,-9.99,,,,
10180001,2003.714342,31.907,64.365,,227,,225.2965,18.8339,4.8738,36.5995,210.18,-9.99,0.03,,,-9.99,,,,
10180001,2003.714342,31.907,64.365,,229,,227.2804,18.8328,4.8737,36.5994,210.23,-9.99,0.029,,,-9.99,,,,
10180001,2003.714342,31.907,64.365,,231,,229.2643,18.8287,4.8734,36.5991,209.89,-9.99,0.031,,,-9.99,,,,
10180001,2003.714342,31.907,64.365,,233,,231.2481,18.8135,4.8718,36.5985,209.28,-9.99,0.034,,,-9.99,,,,
10180001,2003.714342,31.907,64.365,,235,,233.232,18.7963,4.8701,36.5985,208.88,-9.99,0.032,,,-9.99,,,,
10180001,2003.714342,31.907,64.365,,237,,235.2158,18.7858,4.8691,36.5985,208.67,-9.99,0.033,,,-9.99,,,,
10180001,2003.714342,31.907,64.365,,239,,237.1996,18.7767,4.8681,36.598,208.73,-9.99,0.031,,,-9.99,,,,
10180001,2003.714342,31.907,64.365,,241,,239.1833,18.7633,4.8667,36.5973,208.86,-9.99,0.029,,,-9.99,,,,
10180001,2003.714342,31.907,64.365,,243,,241.1671,18.752,4.8656,36.5966,208.98,-9.99,0.03,,,-9.99,,,,
10180001,2003.714342,31.907,64.365,,245,,243.1508,18.7417,4.8645,36.596,208.94,-9.99,0.031,,,-9.99,,,,
10180001,2003.714342,31.907,64.365,,247,,245.1346,18.7286,4.8631,36.5952,208.76,-9.99,0.032,,,-9.99,,,,
10180001,2003.714342,31.907,64.365,,249,,247.1183,18.7174,4.8619,36.5943,208.94,-9.99,0.031,,,-9.99,,,,
10180001,2003.714342,31.907,64.365,,251,,249.1019,18.7086,4.861,36.5935,209.15,-9.99,0.029,,,-9.99,,,,
10180001,2003.714342,31.907,64.365,,253,,251.0856,18.6971,4.8598,36.5924,209.38,-9.99,0.025,,,-9.99,,,,
10180001,2003.714342,31.907,64.365,,255,,253.0693,18.6858,4.8585,36.5908,209.75,-9.99,0.031,,,-9.99,,,,
10180001,2003.714342,31.907,64.365,,257,,255.0529,18.6731,4.8571,36.5894,210.06,-9.99,0.036,,,-9.99,,,,
10180001,2003.714342,31.907,64.365,,259,,257.0365,18.6587,4.8555,36.5882,210.28,-9.99,0.041,,,-9.99,,,,
10180001,2003.714342,31.907,64.365,,261,,259.0201,18.6561,4.8553,36.588,210.34,-9.99,0.036,,,-9.99,,,,
10180001,2003.714342,31.907,64.365,,263,,261.0036,18.6532,4.855,36.5876,210.36,-9.99,0.028,,,-9.99,,,,
10180001,2003.714342,31.907,64.365,,265,,262.9872,18.6415,4.8537,36.586,210.16,-9.99,0.024,,,-9.99,,,,
10180001,2003.714342,31.907,64.365,,267,,264.9707,18.6225,4.8516,36.584,209.92,-9.99,0.03,,,-9.99,,,,
10180001,2003.714342,31.907,64.365,,269,,266.9542,18.605,4.8497,36.5825,209.86,-9.99,0.033,,,-9.99,,,,
10180001,2003.714342,31.907,64.365,,271,,268.9377,18.5955,4.8487,36.582,209.87,-9.99,0.031,,,-9.99,,,,
10180001,2003.714342,31.907,64.365,,273,,270.9212,18.5855,4.8477,36.5816,209.8,-9.99,0.025,,,-9.99,,,,
10180001,2003.714342,31.907,64.365,,275,,272.9046,18.5834,4.8476,36.5817,209.5,-9.99,0.028,,,-9.99,,,,
10180001,2003.714342,31.907,64.365,,277,,274.8881,18.5743,4.8466,36.5805,208.96,-9.99,0.022,,,-9.99,,,,
10180001,2003.714342,31.907,64.365,,279,,276.8715,18.565,4.8456,36.5796,208.55,-9.99,0.025,,,-9.99,,,,
10180001,2003.714342,31.907,64.365,,281,,278.8549,18.5505,4.844,36.5779,208.09,-9.99,0.031,,,-9.99,,,,
10180001,2003.714342,31.907,64.365,,283,,280.8382,18.5406,4.8429,36.5771,206.98,-9.99,0.025,,,-9.99,,,,
10180001,2003.714342,31.907,64.365,,285,,282.8216,18.5245,4.8411,36.5753,207.06,-9.99,0.029,,,-9.99,,,,
10180001,2003.714342,31.907,64.365,,287,,284.8049,18.5122,4.8398,36.5742,207.9,-9.99,0.032,,,-9.99,,,,
10180001,2003.714342,31.907,64.365,,289,,286.7883,18.5054,4.839,36.5732,208.44,-9.99,0.031,,,-9.99,,,,
10180001,2003.714342,31.907,64.365,,291,,288.7716,18.5011,4.8386,36.5727,208.63,-9.99,0.021,,,-9.99,,,,
10180001,2003.714342,31.907,64.365,,293,,290.7548,18.4951,4.838,36.5721,208.32,-9.99,0.028,,,-9.99,,,,
10180001,2003.714342,31.907,64.365,,295,,292.7381,18.4927,4.8378,36.5719,208.36,-9.99,0.029,,,-9.99,,,,
10180001,2003.714342,31.907,64.365,,297,,294.7213,18.4907,4.8377,36.5716,208.32,-9.99,0.027,,,-9.99,,,,
10180001,2003.714342,31.907,64.365,,299,,296.7046,18.487,4.8373,36.5711,207.44,-9.99,0.026,,,-9.99,,,,
10180001,2003.714342,31.907,64.365,,301,,298.6878,18.478,4.8363,36.5698,206.69,-9.99,0.026,,,-9.99,,,,
10180001,2003.714342,31.907,64.365,,303,,300.6709,18.4606,4.8344,36.5678,205.83,-9.99,0.026,,,-9.99,,,,
10180001,2003.714342,31.907,64.365,,305,,302.6541,18.4421,4.8323,36.5657,205.23,-9.99,0.025,,,-9.99,,,,
10180001,2003.714342,31.907,64.365,,307,,304.6373,18.4305,4.831,36.5645,204.86,-9.99,0.022,,,-9.99,,,,
10180001,2003.714342,31.907,64.365,,309,,306.6204,18.4209,4.83,36.5636,204.66,-9.99,0.019,,,-9.99,,,,
10180001,2003.714342,31.907,64.365,,311,,308.6035,18.4136,4.8292,36.5627,204.46,-9.99,0.021,,,-9.99,,,,
10180001,2003.714342,31.907,64.365,,313,,310.5866,18.4073,4.8285,36.5619,204.4,-9.99,0.018,,,-9.99,,,,
10180001,2003.714342,31.907,64.365,,315,,312.5696,18.4003,4.8278,36.561,204.33,-9.99,0.016,,,-9.99,,,,
10180001,2003.714342,31.907,64.365,,317,,314.5527,18.3909,4.8268,36.5599,204.12,-9.99,0.026,,,-9.99,,,,
10180001,2003.714342,31.907,64.365,,319,,316.5357,18.3808,4.8257,36.5587,204.36,-9.99,0.029,,,-9.99,,,,
10180001,2003.714342,31.907,64.365,,321,,318.5187,18.365,4.8239,36.5569,204.8,-9.99,0.032,,,-9.99,,,,
10180001,2003.714342,31.907,64.365,,323,,320.5017,18.3491,4.8221,36.5553,205.22,-9.99,0.035,,,-9.99,,,,
10180001,2003.714342,31.907,64.365,,325,,322.4847,18.3429,4.8216,36.5552,205.24,-9.99,0.022,,,-9.99,,,,
10180001,2003.714342,31.907,64.365,,327,,324.4677,18.3294,4.82,36.5532,204.61,-9.99,0.021,,,-9.99,,,,
10180001,2003.714342,31.907,64.365,,329,,326.4506,18.3109,4.8179,36.551,204.27,-9.99,0.027,,,-9.99,,,,
10180001,2003.714342,31.907,64.365,,331,,328.4335,18.3068,4.8175,36.5507,203.71,-9.99,0.028,,,-9.99,,,,
10180001,2003.714342,31.907,64.365,,333,,330.4164,18.2988,4.8166,36.5495,203.13,-9.99,0.027,,,-9.99,,,,
10180001,2003.714342,31.907,64.365,,335,,332.3993,18.2889,4.8156,36.5484,202.88,-9.99,0.033,,,-9.99,,,,
10180001,2003.714342,31.907,64.365,,337,,334.3822,18.2798,4.8146,36.5473,202.67,-9.99,0.037,,,-9.99,,,,
10180001,2003.714342,31.907,64.365,,339,,336.365,18.2698,4.8135,36.5462,202.68,-9.99,0.031,,,-9.99,,,,
10180001,2003.714342,31.907,64.365,,341,,338.3478,18.2547,4.8118,36.5445,202.18,-9.99,0.021,,,-9.99,,,,
10180001,2003.714342,31.907,64.365,,343,,340.3306,18.2444,4.8106,36.5427,201.14,-9.99,0.023,,,-9.99,,,,
10180001,2003.714342,31.907,64.365,,345,,342.3134,18.2215,4.808,36.5398,199.88,-9.99,0.022,,,-9.99,,,,
10180001,2003.714342,31.907,64.365,,347,,344.2962,18.2063,4.8063,36.5379,199.3,-9.99,0.018,,,-9.99,,,,
10180001,2003.714342,31.907,64.365,,349,,346.2789,18.1974,4.8053,36.5371,199.16,-9.99,0.018,,,-9.99,,,,
10180001,2003.714342,31.907,64.365,,351,,348.2616,18.1957,4.8052,36.5369,199.05,-9.99,0.026,,,-9.99,,,,
10180001,2003.714342,31.907,64.365,,353,,350.2443,18.1917,4.8048,36.5363,198.95,-9.99,0.029,,,-9.99,,,,
10180001,2003.714342,31.907,64.365,,355,,352.227,18.1867,4.8042,36.535,198.88,-9.99,0.021,,,-9.99,,,,
10180001,2003.714342,31.907,64.365,,357,,354.2097,18.1608,4.8012,36.5315,198.44,-9.99,0.023,,,-9.99,,,,
10180001,2003.714342,31.907,64.365,,359,,356.1923,18.1441,4.7994,36.53,198.22,-9.99,0.019,,,-9.99,,,,
10180001,2003.714342,31.907,64.365,,361,,358.175,18.1303,4.7978,36.5282,197.87,-9.99,0.019,,,-9.99,,,,
10180001,2003.714342,31.907,64.365,,363,,360.1576,18.1211,4.7968,36.527,197.68,-9.99,0.026,,,-9.99,,,,
10180001,2003.714342,31.907,64.365,,365,,362.1402,18.1129,4.796,36.5261,197.75,-9.99,0.032,,,-9.99,,,,
10180001,2003.714342,31.907,64.365,,367,,364.1228,18.0991,4.7943,36.5238,197.82,-9.99,0.028,,,-9.99,,,,
10180001,2003.714342,31.907,64.365,,369,,366.1053,18.091,4.7935,36.5229,197.74,-9.99,0.024,,,-9.99,,,,
10180001,2003.714342,31.907,64.365,,371,,368.0878,18.0877,4.7932,36.5226,197.67,-9.99,0.024,,,-9.99,,,,
10180001,2003.714342,31.907,64.365,,373,,370.0704,18.0809,4.7925,36.5217,197.49,-9.99,0.022,,,-9.99,,,,
10180001,2003.714342,31.907,64.365,,375,,372.0529,18.063,4.7904,36.5191,197.21,-9.99,0.023,,,-9.99,,,,
10180001,2003.714342,31.907,64.365,,377,,374.0353,18.049,4.7888,36.5171,196.88,-9.99,0.028,,,-9.99,,,,
10180001,2003.714342,31.907,64.365,,379,,376.0178,18.0358,4.7873,36.5151,196.52,-9.99,0.026,,,-9.99,,,,
10180001,2003.714342,31.907,64.365,,381,,378.0002,18.0219,4.7856,36.5128,196.24,-9.99,0.026,,,-9.99,,,,
10180001,2003.714342,31.907,64.365,,383,,379.9827,18.0089,4.7842,36.5109,196.02,-9.99,0.026,,,-9.99,,,,
10180001,2003.714342,31.907,64.365,,385,,381.9651,17.9938,4.7824,36.5083,195.8,-9.99,0.023,,,-9.99,,,,
10180001,2003.714342,31.907,64.365,,387,,383.9474,17.9662,4.7792,36.5048,195.46,-9.99,0.019,,,-9.99,,,,
10180001,2003.714342,31.907,64.365,,389,,385.9298,17.9508,4.7775,36.503,195.28,-9.99,0.018,,,-9.99,,,,
10180001,2003.714342,31.907,64.365,,391,,387.9121,17.9309,4.7752,36.5007,194.98,-9.99,0.027,,,-9.99,,,,
10180001,2003.714342,31.907,64.365,,393,,389.8945,17.9282,4.7749,36.5,194.89,-9.99,0.03,,,-9.99,,,,
10180001,2003.714342,31.907,64.365,,395,,391.8768,17.9262,4.7748,36.4997,194.63,-9.99,0.028,,,-9.99,,,,
10180001,2003.714342,31.907,64.365,,397,,393.8591,17.9222,4.7744,36.4989,194.63,-9.99,0.024,,,-9.99,,,,
10180001,2003.714342,31.907,64.365,,399,,395.8413,17.9174,4.7739,36.4981,194.56,-9.99,0.023,,,-9.99,,,,
10180001,2003.714342,31.907,64.365,,401,,397.8236,17.9128,4.7734,36.4974,194.37,-9.99,0.022,,,-9.99,,,,
10180001,2003.714342,31.907,64.365,,403,,399.8058,17.9073,4.7728,36.4967,194.23,-9.99,0.027,,,-9.99,,,,
10180001,2003.714342,31.907,64.365,,405,,401.788,17.9009,4.7722,36.4959,194.08,-9.99,0.028,,,-9.99,,,,
10180001,2003.714342,31.907,64.365,,407,,403.7702,17.8834,4.7701,36.4927,194.08,-9.99,0.025,,,-9.99,,,,
10180001,2003.714342,31.907,64.365,,409,,405.7524,17.8609,4.7675,36.4904,193.74,-9.99,0.026,,,-9.99,,,,
10180001,2003.714342,31.907,64.365,,411,,407.7345,17.8415,4.7653,36.4875,193.82,-9.99,0.033,,,-9.99,,,,
10180001,2003.714342,31.907,64.365,,413,,409.7167,17.8184,4.7625,36.4837,194.01,-9.99,0.036,,,-9.99,,,,
10180001,2003.714342,31.907,64.365,,415,,411.6988,17.7827,4.7584,36.4796,194.09,-9.99,0.03,,,-9.99,,,,
10180001,2003.714342,31.907,64.365,,417,,413.6809,17.7639,4.7563,36.4773,193.73,-9.99,0.022,,,-9.99,,,,
10180001,2003.714342,31.907,64.365,,419,,415.663,17.75,4.7547,36.4752,193.38,-9.99,0.015,,,-9.99,,,,
10180001,2003.714342,31.907,64.365,,421,,417.645,17.7353,4.7531,36.4734,193.41,-9.99,0.013,,,-9.99,,,,
10180001,2003.714342,31.907,64.365,,423,,419.6271,17.7299,4.7525,36.4724,193.41,-9.99,0.018,,,-9.99,,,,
10180001,2003.714342,31.907,64.365,,425,,421.6091,17.7192,4.7512,36.4704,193.43,-9.99,0.025,,,-9.99,,,,
10180001,2003.714342,31.907,64.365,,427,,423.5911,17.7154,4.7509,36.4701,193.35,-9.99,0.023,,,-9.99,,,,
10180001,2003.714342,31.907,64.365,,429,,425.5731,17.7031,4.7496,36.4691,193.39,-9.99,0.026,,,-9.99,,,,
10180001,2003.714342,31.907,64.365,,431,,427.555,17.6845,4.7473,36.4658,193.39,-9.99,0.02,,,-9.99,,,,
10180001,2003.714342,31.907,64.365,,433,,429.537,17.6502,4.7433,36.461,193.48,-9.99,0.019,,,-9.99,,,,
10180001,2003.714342,31.907,64.365,,435,,431.5189,17.6243,4.7402,36.4567,193.46,-9.99,0.01,,,-9.99,,,,
10180001,2003.714342,31.907,64.365,,437,,433.5008,17.6052,4.7381,36.455,193.61,-9.99,0.014,,,-9.99,,,,
10180001,2003.714342,31.907,64.365,,439,,435.4827,17.5979,4.7374,36.4546,193.67,-9.99,0.02,,,-9.99,,,,
10180001,2003.714342,31.907,64.365,,441,,437.4646,17.5924,4.7368,36.4536,193.75,-9.99,0.016,,,-9.99,,,,
10180001,2003.714342,31.907,64.365,,443,,439.4464,17.5797,4.7354,36.4516,193.62,-9.99,0.015,,,-9.99,,,,
10180001,2003.714342,31.907,64.365,,445,,441.4282,17.5664,4.7339,36.4497,193.43,-9.99,0.018,,,-9.99,,,,
10180001,2003.714342,31.907,64.365,,447,,443.4101,17.5492,4.7319,36.4471,193.34,-9.99,0.024,,,-9.99,,,,
10180001,2003.714342,31.907,64.365,,449,,445.3918,17.5291,4.7294,36.4429,193.5,-9.99,0.024,,,-9.99,,,,
10180001,2003.714342,31.907,64.365,,451,,447.3736,17.5086,4.727,36.4394,193.37,-9.99,0.023,,,-9.99,,,,
10180001,2003.714342,31.907,64.365,,453,,449.3554,17.5038,4.7263,36.4377,193.1,-9.99,0.021,,,-9.99,,,,
10180001,2003.714342,31.907,64.365,,455,,451.3371,17.4766,4.7232,36.4342,193.08,-9.99,0.02,,,-9.99,,,,
10180001,2003.714342,31.907,64.365,,457,,453.3188,17.4577,4.7211,36.4324,193.11,-9.99,0.02,,,-9.99,,,,
10180001,2003.714342,31.907,64.365,,459,,455.3005,17.4407,4.7191,36.4292,193.09,-9.99,0.024,,,-9.99,,,,
10180001,2003.714342,31.907,64.365,,461,,457.2822,17.421,4.7168,36.4263,193.08,-9.99,0.022,,,-9.99,,,,
10180001,2003.714342,31.907,64.365,,463,,459.2639,17.393,4.7135,36.4217,193.07,-9.99,0.023,,,-9.99,,,,
10180001,2003.714342,31.907,64.365,,465,,461.2455,17.3698,4.7108,36.4184,193.08,-9.99,0.023,,,-9.99,,,,
10180001,2003.714342,31.907,64.365,,467,,463.2271,17.3466,4.7082,36.4162,193.02,-9.99,0.025,,,-9.99,,,,
10180001,2003.714342,31.907,64.365,,469,,465.2087,17.3356,4.7069,36.4139,192.94,-9.99,0.026,,,-9.99,,,,
10180001,2003.714342,31.907,64.365,,471,,467.1903,17.3113,4.7041,36.4107,193.04,-9.99,0.028,,,-9.99,,,,
10180001,2003.714342,31.907,64.365,,473,,469.1719,17.3003,4.7029,36.4092,193.28,-9.99,0.024,,,-9.99,,,,
10180001,2003.714342,31.907,64.365,,475,,471.1534,17.2773,4.7003,36.406,193.33,-9.99,0.023,,,-9.99,,,,
10180001,2003.714342,31.907,64.365,,477,,473.1349,17.2642,4.6988,36.4045,193.17,-9.99,0.025,,,-9.99,,,,
10180001,2003.714342,31.907,64.365,,479,,475.1164,17.257,4.6981,36.4038,192.89,-9.99,0.031,,,-9.99,,,,
10180001,2003.714342,31.907,64.365,,481,,477.0979,17.2546,4.6979,36.4032,193.03,-9.99,0.032,,,-9.99,,,,
10180001,2003.714342,31.907,64.365,,483,,479.0794,17.2479,4.6971,36.4019,192.81,-9.99,0.024,,,-9.99,,,,
10180001,2003.714342,31.907,64.365,,485,,481.0609,17.2098,4.6923,36.3936,192.51,-9.99,0.015,,,-9.99,,,,
10180001,2003.714342,31.907,64.365,,487,,483.0423,17.1727,4.688,36.3885,192.2,-9.99,0.014,,,-9.99,,,,
10180001,2003.714342,31.907,64.365,,489,,485.0237,17.1372,4.6836,36.3819,191.65,-9.99,0.019,,,-9.99,,,,
10180001,2003.714342,31.907,64.365,,491,,487.0051,17.1104,4.6805,36.3777,191.59,-9.99,0.026,,,-9.99,,,,
10180001,2003.714342,31.907,64.365,,493,,488.9865,17.1019,4.6795,36.3759,191.64,-9.99,0.029,,,-9.99,,,,
10180001,2003.714342,31.907,64.365,,495,,490.9678,17.087,4.6776,36.3718,191.52,-9.99,0.033,,,-9.99,,,,
10180001,2003.714342,31.907,64.365,,497,,492.9492,17.0415,4.6721,36.3641,190.98,-9.99,0.019,,,-9.99,,,,
10180001,2003.714342,31.907,64.365,,499,,494.9305,17.0271,4.6705,36.3623,190.92,-9.99,0.019,,,-9.99,,,,
10180001,2003.714342,31.907,64.365,,501,,496.9118,17.0066,4.6682,36.3597,190.98,-9.99,0.022,,,-9.99,,,,
10180001,2003.714342,31.907,64.365,,503,,498.893,16.9975,4.667,36.3571,191.27,-9.99,0.021,,,-9.99,,,,
10180001,2003.714342,31.907,64.365,,505,,500.8743,16.9726,4.6638,36.3503,191.43,-9.99,0.021,,,-9.99,,,,
10180002,2003.714947,31.666,64.168,,,,6,,,,5.9583,26.0418,5.6161,36.4572,216.25,-9.99,0.055,,,-9.99
10180002,2003.714947,31.666,64.168,,,,8,,,,7.9443,26.0397,5.616,36.4575,216.38,-9.99,0.046,,,-9.99
10180002,2003.714947,31.666,64.168,,,10,,,,9.9304,26.0204,5.6139,36.4567,216.71,-9.99,0.051,,,-9.99,
10180002,2003.714947,31.666,64.168,,,12,,,11.9164,25.9743,5.6087,36.4543,217.23,-9.99,0.053,,,-9.99,,
10180002,2003.714947,31.666,64.168,,,14,,,13.9024,25.9159,5.602,36.4513,217.66,-9.99,0.053,,,-9.99,,
10180002,2003.714947,31.666,64.168,,,16,,,15.8884,25.8513,5.5951,36.4519,217.72,-9.99,0.057,,,-9.99,,
10180002,2003.714947,31.666,64.168,,,18,,,17.8743,25.804,5.5922,36.4676,217.69,-9.99,0.062,,,-9.99,,
10180002,2003.714947,31.666,64.168,,,20,,,19.8603,25.7757,5.5918,36.4868,217.4,-9.99,0.067,,,-9.99,,
10180002,2003.714947,31.666,64.168,,,22,,,21.8462,25.7817,5.5947,36.5026,217.64,-9.99,0.063,,,-9.99,,
10180002,2003.714947,31.666,64.168,,,24,,,23.8321,25.7763,5.5973,36.5251,217.18,-9.99,0.058,,,-9.99,,
10180002,2003.714947,31.666,64.168,,,26,,,25.818,25.7731,5.5983,36.5348,217.32,-9.99,0.051,,,-9.99,,
10180002,2003.714947,31.666,64.168,,,28,,,27.8038,25.7174,5.5914,36.5277,217.73,-9.99,0.057,,,-9.99,,
10180002,2003.714947,31.666,64.168,,,30,,,29.7897,25.7135,5.5938,36.5478,217.44,-9.99,0.061,,,-9.99,,
10180002,2003.714947,31.666,64.168,,,32,,,31.7755,25.6689,5.5892,36.5492,217.52,-9.99,0.058,,,-9.99,,
10180002,2003.714947,31.666,64.168,,,34,,,33.7613,25.664,5.5891,36.5517,217.81,-9.99,0.065,,,-9.99,,
10180002,2003.714947,31.666,64.168,,,36,,,35.7471,25.654,5.5881,36.5516,217.94,-9.99,0.067,,,-9.99,,
10180002,2003.714947,31.666,64.168,,,38,,,37.7329,25.65,5.5878,36.5518,217.89,-9.99,0.066,,,-9.99,,
10180002,2003.714947,31.666,64.168,,,40,,,39.7186,25.6482,5.5877,36.5517,217.81,-9.99,0.066,,,-9.99,,
10180002,2003.714947,31.666,64.168,,,42,,,41.7043,25.6435,5.5872,36.5515,217.94,-9.99,0.068,,,-9.99,,
10180002,2003.714947,31.666,64.168,,,44,,,43.69,25.5543,5.5769,36.5464,218.18,-9.99,0.067,,,-9.99,,
10180002,2003.714947,31.666,64.168,,,46,,,45.6757,25.4785,5.5683,36.5427,218.47,-9.99,0.063,,,-9.99,,
10180002,2003.714947,31.666,64.168,,,48,,,47.6614,25.3137,5.5487,36.5301,218.62,-9.99,0.058,,,-9.99,,
10180002,2003.714947,31.666,64.168,,,50,,,49.647,24.9617,5.506,36.4955,218.52,-9.99,0.059,,,-9.99,,
10180002,2003.714947,31.666,64.168,,,52,,,51.6327,24.5588,5.4598,36.475,218.99,-9.99,0.071,,,-9.99,,
10180002,2003.714947,31.666,64.168,,,54,,,53.6183,24.269,5.4298,36.4841,218.9,-9.99,0.076,,,-9.99,,
10180002,2003.714947,31.666,64.168,,,56,,,55.6039,23.8431,5.3878,36.5132,218.56,-9.99,0.084,,,-9.99,,
10180002,2003.714947,31.666,64.168,,,58,,,57.5895,23.4338,5.3475,36.5406,218.67,-9.99,0.09,,,-9.99,,
10180002,2003.714947,31.666,64.168,,,60,,,59.575,22.9988,5.3042,36.5668,219.11,-9.99,0.101,,,-9.99,,
10180002,2003.714947,31.666,64.168,,,62,,,61.5605,22.6493,5.2679,36.5757,221.15,-9.99,0.122,,,-9.99,,
10180002,2003.714947,31.666,64.168,,,64,,,63.5461,22.2309,5.2249,36.5886,224.08,-9.99,0.145,,,-9.99,,
10180002,2003.714947,31.666,64.168,,,66,,,65.5316,22.0064,5.202,36.597,225.22,-9.99,0.167,,,-9.99,,
10180002,2003.714947,31.666,64.168,,,68,,,67.517,21.8136,5.1814,36.5962,226.52,-9.99,0.193,,,-9.99,,
10180002,2003.714947,31.666,64.168,,,70,,,69.5025,21.5212,5.1519,36.6085,223.55,-9.99,0.261,,,-9.99,,
10180002,2003.714947,31.666,64.168,,,72,,,71.4879,21.3644,5.1361,36.6148,223.08,-9.99,0.28,,,-9.99,,
10180002,2003.714947,31.666,64.168,,,74,,,73.4734,21.2352,5.1228,36.6183,222.63,-9.99,0.272,,,-9.99,,
10180002,2003.714947,31.666,64.168,,,76,,,75.4588,21.1094,5.1098,36.6203,221.8,-9.99,0.244,,,-9.99,,
10180002,2003.714947,31.666,64.168,,,78,,,77.4441,21.0731,5.1059,36.6195,222.08,-9.99,0.223,,,-9.99,,
10180002,2003.714947,31.666,64.168,,,80,,,79.4295,21.025,5.1005,36.6163,221.59,-9.99,0.221,,,-9.99,,
10180002,2003.714947,31.666,64.168,,,82,,,81.4148,20.9146,5.089,36.6176,222.12,-9.99,0.226,,,-9.99,,
10180002,2003.714947,31.666,64.168,,,84,,,83.4002,20.8266,5.08,36.6193,219.76,-9.99,0.236,,,-9.99,,
10180002,2003.714947,31.666,64.168,,,86,,,85.3855,20.7664,5.0735,36.6182,220.63,-9.99,0.262,,,-9.99,,
10180002,2003.714947,31.666,64.168,,,88,,,87.3708,20.615,5.058,36.6216,217.28,-9.99,0.26,,,-9.99,,
10180002,2003.714947,31.666,64.168,,,90,,,89.356,20.4809,5.0445,36.6271,217.96,-9.99,0.292,,,-9.99,,
10180002,2003.714947,31.666,64.168,,,92,,,91.3413,20.427,5.0395,36.6316,216.3,-9.99,0.275,,,-9.99,,
10180002,2003.714947,31.666,64.168,,,94,,,93.3265,20.3552,5.0324,36.6356,217.09,-9.99,0.243,,,-9.99,,
10180002,2003.714947,31.666,64.168,,,96,,,95.3117,20.3024,5.0278,36.6426,216.49,-9.99,0.226,,,-9.99,,
10180002,2003.714947,31.666,64.168,,,98,,,97.2969,20.2798,5.0256,36.6438,211.68,-9.99,0.218,,,-9.99,,
10180002,2003.714947,31.666,64.168,,100,,,99.2821,20.2014,5.0172,36.642,210.66,-9.99,0.213,,,-9.99,,,
10180002,2003.714947,31.666,64.168,,102,,101.2672,20.034,4.999,36.6375,208.88,-9.99,0.206,,,-9.99,,,,
10180002,2003.714947,31.666,64.168,,104,,103.2523,19.9701,4.9928,36.6408,209.8,-9.99,0.193,,,-9.99,,,,
10180002,2003.714947,31.666,64.168,,106,,105.2375,19.9574,4.9915,36.6402,208.93,-9.99,0.188,,,-9.99,,,,
10180002,2003.714947,31.666,64.168,,108,,107.2225,19.9256,4.988,36.6386,208.24,-9.99,0.184,,,-9.99,,,,
10180002,2003.714947,31.666,64.168,,110,,109.2076,19.8786,4.983,36.6375,208.09,-9.99,0.178,,,-9.99,,,,
10180002,2003.714947,31.666,64.168,,112,,111.1927,19.8127,4.9761,36.6371,207.96,-9.99,0.171,,,-9.99,,,,
10180002,2003.714947,31.666,64.168,,114,,113.1777,19.7279,4.9673,36.6382,208.12,-9.99,0.158,,,-9.99,,,,
10180002,2003.714947,31.666,64.168,,116,,115.1627,19.7636,4.9709,36.6355,207.56,-9.99,0.152,,,-9.99,,,,
10180002,2003.714947,31.666,64.168,,118,,117.1477,19.7454,4.9691,36.6359,207.34,-9.99,0.147,,,-9.99,,,,
10180002,2003.714947,31.666,64.168,,120,,119.1327,19.7102,4.9653,36.6342,207.14,-9.99,0.138,,,-9.99,,,,
10180002,2003.714947,31.666,64.168,,122,,121.1177,19.5873,4.9521,36.6318,207.59,-9.99,0.116,,,-9.99,,,,
10180002,2003.714947,31.666,64.168,,124,,123.1026,19.4592,4.9386,36.6307,207.98,-9.99,0.086,,,-9.99,,,,
10180002,2003.714947,31.666,64.168,,126,,125.0875,19.4566,4.9384,36.6309,207.86,-9.99,0.085,,,-9.99,,,,
10180002,2003.714947,31.666,64.168,,128,,127.0724,19.4036,4.9325,36.6277,208.28,-9.99,0.081,,,-9.99,,,,
10180002,2003.714947,31.666,64.168,,130,,129.0573,19.3764,4.9296,36.6263,208.61,-9.99,0.072,,,-9.99,,,,
10180002,2003.714947,31.666,64.168,,132,,131.0422,19.3434,4.9258,36.6227,209.01,-9.99,0.07,,,-9.99,,,,
10180002,2003.714947,31.666,64.168,,134,,133.027,19.3262,4.9242,36.6236,208.95,-9.99,0.061,,,-9.99,,,,
10180002,2003.714947,31.666,64.168,,136,,135.0118,19.3183,4.9235,36.624,208.77,-9.99,0.055,,,-9.99,,,,
10180002,2003.714947,31.666,64.168,,138,,136.9966,19.2976,4.9213,36.6236,208.78,-9.99,0.055,,,-9.99,,,,
10180002,2003.714947,31.666,64.168,,140,,138.9814,19.2683,4.9183,36.6234,208.86,-9.99,0.059,,,-9.99,,,,
10180002,2003.714947,31.666,64.168,,142,,140.9662,19.2456,4.9162,36.6248,208.85,-9.99,0.056,,,-9.99,,,,
10180002,2003.714947,31.666,64.168,,144,,142.9509,19.2445,4.9162,36.6248,209,-9.99,0.047,,,-9.99,,,,
10180002,2003.714947,31.666,64.168,,146,,144.9357,19.2272,4.9145,36.6252,208.95,-9.99,0.048,,,-9.99,,,,
10180002,2003.714947,31.666,64.168,,148,,146.9204,19.2023,4.9118,36.6242,208.72,-9.99,0.052,,,-9.99,,,,
10180002,2003.714947,31.666,64.168,,150,,148.905,19.1801,4.9092,36.6212,208.65,-9.99,0.049,,,-9.99,,,,
10180002,2003.714947,31.666,64.168,,152,,150.8897,19.1458,4.9054,36.6182,208.84,-9.99,0.044,,,-9.99,,,,
10180002,2003.714947,31.666,64.168,,154,,152.8744,19.135,4.9044,36.6191,209.01,-9.99,0.039,,,-9.99,,,,
10180002,2003.714947,31.666,64.168,,156,,154.859,19.1223,4.903,36.6176,208.83,-9.99,0.038,,,-9.99,,,,
10180002,2003.714947,31.666,64.168,,158,,156.8436,19.1082,4.9014,36.616,208.73,-9.99,0.04,,,-9.99,,,,
10180002,2003.714947,31.666,64.168,,160,,158.8282,19.0875,4.8991,36.6142,208.9,-9.99,0.04,,,-9.99,,,,
10180002,2003.714947,31.666,64.168,,162,,160.8128,19.0705,4.8972,36.6121,208.95,-9.99,0.038,,,-9.99,,,,
10180002,2003.714947,31.666,64.168,,164,,162.7973,19.0438,4.8941,36.6094,208.96,-9.99,0.034,,,-9.99,,,,
10180002,2003.714947,31.666,64.168,,166,,164.7819,19.0078,4.8901,36.6065,208.89,-9.99,0.03,,,-9.99,,,,
10180002,2003.714947,31.666,64.168,,168,,166.7664,18.9852,4.8876,36.6046,209.02,-9.99,0.043,,,-9.99,,,,
10180002,2003.714947,31.666,64.168,,170,,168.7509,18.9649,4.8855,36.6045,208.93,-9.99,0.029,,,-9.99,,,,
10180002,2003.714947,31.666,64.168,,172,,170.7354,18.9518,4.8844,36.6054,209.41,-9.99,0.03,,,-9.99,,,,
10180002,2003.714947,31.666,64.168,,174,,172.7198,18.9227,4.8811,36.6032,210.1,-9.99,0.03,,,-9.99,,,,
10180002,2003.714947,31.666,64.168,,176,,174.7043,18.9,4.8787,36.6018,210.23,-9.99,0.03,,,-9.99,,,,
10180002,2003.714947,31.666,64.168,,178,,176.6887,18.8771,4.8762,36.6008,210.2,-9.99,0.031,,,-9.99,,,,
10180002,2003.714947,31.666,64.168,,180,,178.6731,18.8611,4.8746,36.6004,210.2,-9.99,0.031,,,-9.99,,,,
10180002,2003.714947,31.666,64.168,,182,,180.6575,18.8524,4.8738,36.6001,210.3,-9.99,0.033,,,-9.99,,,,
10180002,2003.714947,31.666,64.168,,184,,182.6418,18.8411,4.8726,36.5997,210.44,-9.99,0.029,,,-9.99,,,,
10180002,2003.714947,31.666,64.168,,186,,184.6262,18.842,4.8728,36.5997,210.35,-9.99,0.031,,,-9.99,,,,
10180002,2003.714947,31.666,64.168,,188,,186.6105,18.84,4.8727,36.5996,210.32,-9.99,0.038,,,-9.99,,,,
10180002,2003.714947,31.666,64.168,,190,,188.5948,18.8376,4.8725,36.5994,210.29,-9.99,0.041,,,-9.99,,,,
10180002,2003.714947,31.666,64.168,,192,,190.5791,18.8301,4.8717,36.5988,210.36,-9.99,0.03,,,-9.99,,,,
10180002,2003.714947,31.666,64.168,,194,,192.5634,18.8175,4.8704,36.598,210.37,-9.99,0.021,,,-9.99,,,,
10180002,2003.714947,31.666,64.168,,196,,194.5476,18.812,4.8698,36.5973,210.57,-9.99,0.027,,,-9.99,,,,
10180002,2003.714947,31.666,64.168,,198,,196.5318,18.8107,4.8698,36.5973,210.69,-9.99,0.022,,,-9.99,,,,
10180002,2003.714947,31.666,64.168,,200,,198.516,18.7942,4.868,36.5966,210.7,-9.99,0.022,,,-9.99,,,,
10180002,2003.714947,31.666,64.168,,202,,200.5002,18.7785,4.8664,36.5955,210.55,-9.99,0.024,,,-9.99,,,,
10180002,2003.714947,31.666,64.168,,204,,202.4844,18.7707,4.8656,36.5948,210.21,-9.99,0.023,,,-9.99,,,,
10180002,2003.714947,31.666,64.168,,206,,204.4686,18.7493,4.8633,36.5938,210.18,-9.99,0.026,,,-9.99,,,,
10180002,2003.714947,31.666,64.168,,208,,206.4527,18.7492,4.8634,36.594,209.58,-9.99,0.031,,,-9.99,,,,
10180002,2003.714947,31.666,64.168,,210,,208.4368,18.7281,4.8611,36.5929,209.89,-9.99,0.022,,,-9.99,,,,
10180002,2003.714947,31.666,64.168,,212,,210.4209,18.7277,4.8612,36.5929,209.98,-9.99,0.022,,,-9.99,,,,
10180002,2003.714947,31.666,64.168,,214,,212.405,18.7253,4.861,36.5929,210.21,-9.99,0.028,,,-9.99,,,,
10180002,2003.714947,31.666,64.168,,216,,214.389,18.7226,4.8608,36.5926,209.98,-9.99,0.031,,,-9.99,,,,
10180002,2003.714947,31.666,64.168,,218,,216.3731,18.7215,4.8608,36.5926,210.21,-9.99,0.026,,,-9.99,,,,
10180002,2003.714947,31.666,64.168,,220,,218.3571,18.7199,4.8607,36.5923,210.18,-9.99,0.029,,,-9.99,,,,
10180002,2003.714947,31.666,64.168,,222,,220.3411,18.7142,4.8601,36.5915,210.66,-9.99,0.035,,,-9.99,,,,
10180002,2003.714947,31.666,64.168,,224,,222.3251,18.7032,4.8589,36.5911,211.47,-9.99,0.031,,,-9.99,,,,
10180002,2003.714947,31.666,64.168,,226,,224.309,18.6958,4.8584,36.592,211.52,-9.99,0.026,,,-9.99,,,,
10180002,2003.714947,31.666,64.168,,228,,226.293,18.6872,4.8575,36.5912,210.97,-9.99,0.029,,,-9.99,,,,
10180002,2003.714947,31.666,64.168,,230,,228.2769,18.6822,4.8569,36.5903,210.66,-9.99,0.031,,,-9.99,,,,
10180002,2003.714947,31.666,64.168,,232,,230.2608,18.6748,4.8562,36.5901,210.61,-9.99,0.03,,,-9.99,,,,
10180002,2003.714947,31.666,64.168,,234,,232.2447,18.666,4.8553,36.5896,210.73,-9.99,0.022,,,-9.99,,,,
10180002,2003.714947,31.666,64.168,,236,,234.2285,18.6576,4.8544,36.5881,210.37,-9.99,0.025,,,-9.99,,,,
10180002,2003.714947,31.666,64.168,,238,,236.2124,18.6491,4.8534,36.5867,210.22,-9.99,0.029,,,-9.99,,,,
10180002,2003.714947,31.666,64.168,,240,,238.1962,18.6456,4.8531,36.5864,210.34,-9.99,0.022,,,-9.99,,,,
10180002,2003.714947,31.666,64.168,,242,,240.18,18.6436,4.8529,36.5863,210.33,-9.99,0.024,,,-9.99,,,,
10180002,2003.714947,31.666,64.168,,244,,242.1638,18.6421,4.8529,36.5864,210.38,-9.99,0.031,,,-9.99,,,,
10180002,2003.714947,31.666,64.168,,246,,244.1476,18.6391,4.8527,36.5864,210.58,-9.99,0.03,,,-9.99,,,,
10180002,2003.714947,31.666,64.168,,248,,246.1313,18.6335,4.8522,36.5865,210.95,-9.99,0.033,,,-9.99,,,,
10180002,2003.714947,31.666,64.168,,250,,248.115,18.6319,4.8522,36.587,210.9,-9.99,0.032,,,-9.99,,,,
10180002,2003.714947,31.666,64.168,,252,,250.0988,18.6319,4.8523,36.5874,210.85,-9.99,0.025,,,-9.99,,,,
10180002,2003.714947,31.666,64.168,,254,,252.0824,18.6274,4.8519,36.5869,211.03,-9.99,0.024,,,-9.99,,,,
10180002,2003.714947,31.666,64.168,,256,,254.0661,18.6164,4.8507,36.5858,210.99,-9.99,0.021,,,-9.99,,,,
10180002,2003.714947,31.666,64.168,,258,,256.0498,18.6066,4.8497,36.5854,210.49,-9.99,0.031,,,-9.99,,,,
10180002,2003.714947,31.666,64.168,,260,,258.0334,18.6005,4.849,36.5844,210.62,-9.99,0.028,,,-9.99,,,,
10180002,2003.714947,31.666,64.168,,262,,260.017,18.5931,4.8483,36.5838,210.66,-9.99,0.024,,,-9.99,,,,
10180002,2003.714947,31.666,64.168,,264,,262.0006,18.5818,4.8471,36.5833,210.7,-9.99,0.022,,,-9.99,,,,
10180002,2003.714947,31.666,64.168,,266,,263.9842,18.5738,4.8462,36.5823,210.34,-9.99,0.016,,,-9.99,,,,
10180002,2003.714947,31.666,64.168,,268,,265.9678,18.5674,4.8456,36.5819,210.1,-9.99,0.018,,,-9.99,,,,
10180002,2003.714947,31.666,64.168,,270,,267.9513,18.5633,4.8453,36.5817,209.96,-9.99,0.026,,,-9.99,,,,
10180002,2003.714947,31.666,64.168,,272,,269.9348,18.557,4.8446,36.581,209.85,-9.99,0.029,,,-9.99,,,,
10180002,2003.714947,31.666,64.168,,274,,271.9183,18.5518,4.8441,36.5805,209.88,-9.99,0.026,,,-9.99,,,,
10180002,2003.714947,31.666,64.168,,276,,273.9018,18.5493,4.8439,36.5805,209.95,-9.99,0.028,,,-9.99,,,,
10180002,2003.714947,31.666,64.168,,278,,275.8853,18.5458,4.8436,36.5799,209.94,-9.99,0.029,,,-9.99,,,,
10180002,2003.714947,31.666,64.168,,280,,277.8687,18.5427,4.8433,36.5795,209.79,-9.99,0.024,,,-9.99,,,,
10180002,2003.714947,31.666,64.168,,282,,279.8521,18.5369,4.8427,36.5786,209.55,-9.99,0.028,,,-9.99,,,,
10180002,2003.714947,31.666,64.168,,284,,281.8355,18.5341,4.8424,36.5782,209.48,-9.99,0.029,,,-9.99,,,,
10180002,2003.714947,31.666,64.168,,286,,283.8189,18.5271,4.8416,36.5772,209,-9.99,0.02,,,-9.99,,,,
10180002,2003.714947,31.666,64.168,,288,,285.8023,18.5166,4.8405,36.5757,208.89,-9.99,0.032,,,-9.99,,,,
10180002,2003.714947,31.666,64.168,,290,,287.7856,18.5092,4.8397,36.5749,209.14,-9.99,0.02,,,-9.99,,,,
10180002,2003.714947,31.666,64.168,,292,,289.769,18.5064,4.8395,36.5748,208.68,-9.99,0.031,,,-9.99,,,,
10180002,2003.714947,31.666,64.168,,294,,291.7523,18.4996,4.8387,36.5738,208.68,-9.99,0.025,,,-9.99,,,,
10180002,2003.714947,31.666,64.168,,296,,293.7356,18.4922,4.8379,36.5725,208.73,-9.99,0.024,,,-9.99,,,,
10180002,2003.714947,31.666,64.168,,298,,295.7188,18.4822,4.8368,36.5717,208.84,-9.99,0.028,,,-9.99,,,,
10180002,2003.714947,31.666,64.168,,300,,297.7021,18.478,4.8365,36.5714,208.75,-9.99,0.024,,,-9.99,,,,
10180002,2003.714947,31.666,64.168,,302,,299.6853,18.4744,4.8361,36.5711,208.71,-9.99,0.022,,,-9.99,,,,
10180002,2003.714947,31.666,64.168,,304,,301.6685,18.4677,4.8354,36.5704,208.77,-9.99,0.022,,,-9.99,,,,
10180002,2003.714947,31.666,64.168,,306,,303.6517,18.4618,4.8348,36.5692,208.09,-9.99,0.018,,,-9.99,,,,
10180002,2003.714947,31.666,64.168,,308,,305.6349,18.4552,4.8341,36.5682,207.92,-9.99,0.023,,,-9.99,,,,
10180002,2003.714947,31.666,64.168,,310,,307.6181,18.4481,4.8333,36.5669,207.68,-9.99,0.023,,,-9.99,,,,
10180002,2003.714947,31.666,64.168,,312,,309.6012,18.4337,4.8316,36.5647,207.51,-9.99,0.017,,,-9.99,,,,
10180002,2003.714947,31.666,64.168,,314,,311.5843,18.43,4.8312,36.5644,207.43,-9.99,0.025,,,-9.99,,,,
10180002,2003.714947,31.666,64.168,,316,,313.5674,18.4197,4.8301,36.5631,206.92,-9.99,0.027,,,-9.99,,,,
10180002,2003.714947,31.666,64.168,,318,,315.5505,18.4108,4.8292,36.5622,206.69,-9.99,0.027,,,-9.99,,,,
10180002,2003.714947,31.666,64.168,,320,,317.5336,18.3958,4.8274,36.56,206.35,-9.99,0.028,,,-9.99,,,,
10180002,2003.714947,31.666,64.168,,322,,319.5166,18.3865,4.8264,36.559,206.22,-9.99,0.029,,,-9.99,,,,
10180002,2003.714947,31.666,64.168,,324,,321.4996,18.3817,4.8259,36.5583,206.17,-9.99,0.027,,,-9.99,,,,
10180002,2003.714947,31.666,64.168,,326,,323.4826,18.383,4.8262,36.5583,205.86,-9.99,0.025,,,-9.99,,,,
10180002,2003.714947,31.666,64.168,,328,,325.4656,18.379,4.8257,36.5576,205.39,-9.99,0.025,,,-9.99,,,,
10180002,2003.714947,31.666,64.168,,330,,327.4486,18.363,4.8239,36.5555,204.97,-9.99,0.026,,,-9.99,,,,
10180002,2003.714947,31.666,64.168,,332,,329.4315,18.3515,4.8227,36.5545,204.75,-9.99,0.027,,,-9.99,,,,
10180002,2003.714947,31.666,64.168,,334,,331.4145,18.342,4.8217,36.5537,204.8,-9.99,0.025,,,-9.99,,,,
10180002,2003.714947,31.666,64.168,,336,,333.3974,18.3372,4.8212,36.5533,204.9,-9.99,0.026,,,-9.99,,,,
10180002,2003.714947,31.666,64.168,,338,,335.3803,18.333,4.8208,36.5525,205.25,-9.99,0.027,,,-9.99,,,,
10180002,2003.714947,31.666,64.168,,340,,337.3631,18.3272,4.8202,36.5516,205.47,-9.99,0.027,,,-9.99,,,,
10180002,2003.714947,31.666,64.168,,342,,339.346,18.3226,4.8197,36.551,205.59,-9.99,0.032,,,-9.99,,,,
10180002,2003.714947,31.666,64.168,,344,,341.3288,18.32,4.8195,36.5507,205.36,-9.99,0.029,,,-9.99,,,,
10180002,2003.714947,31.666,64.168,,346,,343.3116,18.3059,4.8178,36.5484,205.27,-9.99,0.021,,,-9.99,,,,
10180002,2003.714947,31.666,64.168,,348,,345.2944,18.3142,4.8189,36.5497,204.57,-9.99,0.028,,,-9.99,,,,
10180002,2003.714947,31.666,64.168,,350,,347.2772,18.2961,4.8167,36.5462,203.98,-9.99,0.025,,,-9.99,,,,
10180002,2003.714947,31.666,64.168,,352,,349.2599,18.2701,4.8139,36.5448,203.64,-9.99,0.025,,,-9.99,,,,
10180002,2003.714947,31.666,64.168,,354,,351.2427,18.2571,4.8126,36.5438,203.54,-9.99,0.028,,,-9.99,,,,
10180002,2003.714947,31.666,64.168,,356,,353.2254,18.2525,4.812,36.5427,203.54,-9.99,0.025,,,-9.99,,,,
10180002,2003.714947,31.666,64.168,,358,,355.2081,18.2397,4.8107,36.542,203.55,-9.99,0.023,,,-9.99,,,,
10180002,2003.714947,31.666,64.168,,360,,357.1908,18.2492,4.8119,36.5431,203.09,-9.99,0.021,,,-9.99,,,,
10180002,2003.714947,31.666,64.168,,362,,359.1734,18.2312,4.8099,36.5407,203.1,-9.99,0.021,,,-9.99,,,,
10180002,2003.714947,31.666,64.168,,364,,361.1561,18.2275,4.8095,36.54,202.76,-9.99,0.018,,,-9.99,,,,
10180002,2003.714947,31.666,64.168,,366,,363.1387,18.214,4.8079,36.5378,201.87,-9.99,0.021,,,-9.99,,,,
10180002,2003.714947,31.666,64.168,,368,,365.1213,18.186,4.8047,36.5347,200.85,-9.99,0.026,,,-9.99,,,,
10180002,2003.714947,31.666,64.168,,370,,367.1039,18.1616,4.8019,36.5317,200.17,-9.99,0.02,,,-9.99,,,,
10180002,2003.714947,31.666,64.168,,372,,369.0864,18.1397,4.7994,36.5289,200.49,-9.99,0.026,,,-9.99,,,,
10180002,2003.714947,31.666,64.168,,374,,371.069,18.1377,4.7993,36.529,200.08,-9.99,0.03,,,-9.99,,,,
10180002,2003.714947,31.666,64.168,,376,,373.0515,18.1343,4.799,36.5285,199.3,-9.99,0.025,,,-9.99,,,,
10180002,2003.714947,31.666,64.168,,378,,375.034,18.1237,4.7977,36.5262,199.14,-9.99,0.027,,,-9.99,,,,
10180002,2003.714947,31.666,64.168,,380,,377.0165,18.1103,4.7961,36.524,199.16,-9.99,0.025,,,-9.99,,,,
10180002,2003.714947,31.666,64.168,,382,,378.999,18.1027,4.7952,36.5224,199.02,-9.99,0.02,,,-9.99,,,,
10180002,2003.714947,31.666,64.168,,384,,380.9814,18.0818,4.7929,36.5208,198.88,-9.99,0.022,,,-9.99,,,,
10180002,2003.714947,31.666,64.168,,386,,382.9639,18.0785,4.7926,36.5202,198.72,-9.99,0.023,,,-9.99,,,,
10180002,2003.714947,31.666,64.168,,388,,384.9463,18.0691,4.7916,36.5188,197.79,-9.99,0.026,,,-9.99,,,,
10180002,2003.714947,31.666,64.168,,390,,386.9287,18.0387,4.7879,36.5141,197.37,-9.99,0.028,,,-9.99,,,,
10180002,2003.714947,31.666,64.168,,392,,388.911,18.0007,4.7835,36.5089,197.08,-9.99,0.027,,,-9.99,,,,
10180002,2003.714947,31.666,64.168,,394,,390.8934,17.981,4.7812,36.5063,196.39,-9.99,0.026,,,-9.99,,,,
10180002,2003.714947,31.666,64.168,,396,,392.8757,17.9577,4.7786,36.504,196.42,-9.99,0.029,,,-9.99,,,,
10180002,2003.714947,31.666,64.168,,398,,394.8581,17.9462,4.7774,36.503,196.38,-9.99,0.026,,,-9.99,,,,
10180002,2003.714947,31.666,64.168,,400,,396.8404,17.9387,4.7765,36.5017,196.19,-9.99,0.023,,,-9.99,,,,
10180002,2003.714947,31.666,64.168,,402,,398.8226,17.9286,4.7753,36.4995,195.8,-9.99,0.021,,,-9.99,,,,
10180002,2003.714947,31.666,64.168,,404,,400.8049,17.9017,4.7721,36.4949,194.71,-9.99,0.025,,,-9.99,,,,
10180002,2003.714947,31.666,64.168,,406,,402.7871,17.8634,4.7675,36.4887,193.69,-9.99,0.027,,,-9.99,,,,
10180002,2003.714947,31.666,64.168,,408,,404.7694,17.8288,4.7634,36.4836,193.79,-9.99,0.027,,,-9.99,,,,
10180002,2003.714947,31.666,64.168,,410,,406.7516,17.7925,4.7592,36.4793,193.95,-9.99,0.031,,,-9.99,,,,
10180002,2003.714947,31.666,64.168,,412,,408.7337,17.7864,4.7586,36.4791,194.1,-9.99,0.026,,,-9.99,,,,
10180002,2003.714947,31.666,64.168,,414,,410.7159,17.7817,4.7581,36.4784,193.96,-9.99,0.019,,,-9.99,,,,
10180002,2003.714947,31.666,64.168,,416,,412.6981,17.7723,4.7571,36.4772,193.89,-9.99,0.02,,,-9.99,,,,
10180002,2003.714947,31.666,64.168,,418,,414.6802,17.7583,4.7555,36.4753,194.05,-9.99,0.019,,,-9.99,,,,
10180002,2003.714947,31.666,64.168,,420,,416.6623,17.7486,4.7545,36.474,194.19,-9.99,0.021,,,-9.99,,,,
10180002,2003.714947,31.666,64.168,,422,,418.6444,17.7341,4.7528,36.4718,194.33,-9.99,0.026,,,-9.99,,,,
10180002,2003.714947,31.666,64.168,,424,,420.6264,17.7097,4.7499,36.4681,194.26,-9.99,0.03,,,-9.99,,,,
10180002,2003.714947,31.666,64.168,,426,,422.6085,17.6883,4.7474,36.465,193.88,-9.99,0.026,,,-9.99,,,,
10180002,2003.714947,31.666,64.168,,428,,424.5905,17.6468,4.7425,36.4588,193.71,-9.99,0.028,,,-9.99,,,,
10180002,2003.714947,31.666,64.168,,430,,426.5725,17.6286,4.7403,36.4551,193.8,-9.99,0.028,,,-9.99,,,,
10180002,2003.714947,31.666,64.168,,432,,428.5545,17.6044,4.7374,36.4509,193.75,-9.99,0.026,,,-9.99,,,,
10180002,2003.714947,31.666,64.168,,434,,430.5365,17.5837,4.735,36.4481,193.61,-9.99,0.021,,,-9.99,,,,
10180002,2003.714947,31.666,64.168,,436,,432.5185,17.564,4.7329,36.4469,194.11,-9.99,0.027,,,-9.99,,,,
10180002,2003.714947,31.666,64.168,,438,,434.5004,17.5503,4.7313,36.4448,194.88,-9.99,0.03,,,-9.99,,,,
10180002,2003.714947,31.666,64.168,,440,,436.4823,17.5358,4.7296,36.4423,195.45,-9.99,0.027,,,-9.99,,,,
10180002,2003.714947,31.666,64.168,,442,,438.4642,17.5149,4.7272,36.4394,195.88,-9.99,0.02,,,-9.99,,,,
10180002,2003.714947,31.666,64.168,,444,,440.4461,17.498,4.7253,36.4376,196.49,-9.99,0.017,,,-9.99,,,,
10180002,2003.714947,31.666,64.168,,446,,442.428,17.4722,4.7223,36.4333,196.77,-9.99,0.015,,,-9.99,,,,
10180002,2003.714947,31.666,64.168,,448,,444.4098,17.4429,4.719,36.4306,196.89,-9.99,0.02,,,-9.99,,,,
10180002,2003.714947,31.666,64.168,,450,,446.3916,17.4257,4.7169,36.4271,196.84,-9.99,0.02,,,-9.99,,,,
10180002,2003.714947,31.666,64.168,,452,,448.3734,17.418,4.7161,36.4258,196.43,-9.99,0.023,,,-9.99,,,,
10180002,2003.714947,31.666,64.168,,454,,450.3552,17.3898,4.7127,36.4211,196.36,-9.99,0.025,,,-9.99,,,,
10180002,2003.714947,31.666,64.168,,456,,452.337,17.3615,4.7094,36.4173,196.37,-9.99,0.018,,,-9.99,,,,
10180002,2003.714947,31.666,64.168,,458,,454.3187,17.3328,4.706,36.4128,196.24,-9.99,0.021,,,-9.99,,,,
10180002,2003.714947,31.666,64.168,,460,,456.3004,17.3041,4.7026,36.4085,196.11,-9.99,0.023,,,-9.99,,,,
10180002,2003.714947,31.666,64.168,,462,,458.2822,17.2887,4.7009,36.4062,196.15,-9.99,0.022,,,-9.99,,,,
10180002,2003.714947,31.666,64.168,,464,,460.2638,17.2686,4.6985,36.403,196.04,-9.99,0.024,,,-9.99,,,,
10180002,2003.714947,31.666,64.168,,466,,462.2455,17.239,4.6951,36.3989,196,-9.99,0.029,,,-9.99,,,,
10180002,2003.714947,31.666,64.168,,468,,464.2272,17.2301,4.6941,36.3978,196.05,-9.99,0.028,,,-9.99,,,,
10180002,2003.714947,31.666,64.168,,470,,466.2088,17.218,4.6926,36.3942,195.79,-9.99,0.021,,,-9.99,,,,
10180002,2003.714947,31.666,64.168,,472,,468.1904,17.1953,4.6899,36.3907,195.51,-9.99,0.019,,,-9.99,,,,
10180002,2003.714947,31.666,64.168,,474,,470.172,17.1778,4.688,36.3888,195.26,-9.99,0.022,,,-9.99,,,,
10180002,2003.714947,31.666,64.168,,476,,472.1536,17.1683,4.6869,36.3873,194.99,-9.99,0.028,,,-9.99,,,,
10180002,2003.714947,31.666,64.168,,478,,474.1351,17.1574,4.6856,36.385,194.49,-9.99,0.028,,,-9.99,,,,
10180002,2003.714947,31.666,64.168,,480,,476.1167,17.1358,4.683,36.3813,193.98,-9.99,0.02,,,-9.99,,,,
10180002,2003.714947,31.666,64.168,,482,,478.0982,17.1127,4.6803,36.3772,193,-9.99,0.017,,,-9.99,,,,
10180002,2003.714947,31.666,64.168,,484,,480.0797,17.0779,4.676,36.3701,193.17,-9.99,0.008,,,-9.99,,,,
10180002,2003.714947,31.666,64.168,,486,,482.0612,17.0511,4.6728,36.366,193.15,-9.99,0.009,,,-9.99,,,,
10180002,2003.714947,31.666,64.168,,488,,484.0426,17.0277,4.6701,36.3625,193.01,-9.99,0.015,,,-9.99,,,,
10180002,2003.714947,31.666,64.168,,490,,486.0241,17.0311,4.6706,36.3633,192.39,-9.99,0.023,,,-9.99,,,,
10180002,2003.714947,31.666,64.168,,492,,488.0055,16.987,4.6652,36.3546,191.78,-9.99,0.019,,,-9.99,,,,
10180002,2003.714947,31.666,64.168,,494,,489.9869,16.952,4.6611,36.3496,191.41,-9.99,0.016,,,-9.99,,,,
10180002,2003.714947,31.666,64.168,,496,,491.9683,16.9142,4.6564,36.3418,191.3,-9.99,0.021,,,-9.99,,,,
10180002,2003.714947,31.666,64.168,,498,,493.9496,16.8793,4.6522,36.3356,191.37,-9.99,0.019,,,-9.99,,,,
10180002,2003.714947,31.666,64.168,,500,,495.931,16.8453,4.6482,36.3302,191.46,-9.99,0.022,,,-9.99,,,,
10180002,2003.714947,31.666,64.168,,502,,497.9123,16.8303,4.6464,36.3271,191.11,-9.99,0.023,,,-9.99,,,,
10180002,2003.714947,31.666,64.168,,504,,499.8936,16.8027,4.643,36.3212,190.73,-9.99,0.022,,,-9.99,,,,
10180002,2003.714947,31.666,64.168,,506,,501.8749,16.7422,4.6357,36.3112,190.68,-9.99,0.027,,,-9.99,,,,
10180002,2003.714947,31.666,64.168,,508,,503.8562,16.6956,4.6303,36.3048,190.8,-9.99,0.022,,,-9.99,,,,
10180002,2003.714947,31.666,64.168,,510,,505.8374,16.6767,4.6281,36.3019,190.88,-9.99,0.021,,,-9.99,,,,
10180002,2003.714947,31.666,64.168,,512,,507.8187,16.6641,4.6266,36.2998,190.95,-9.99,0.025,,,-9.99,,,,
10180002,2003.714947,31.666,64.168,,514,,509.7999,16.6518,4.6252,36.2977,190.98,-9.99,0.02,,,-9.99,,,,
10180002,2003.714947,31.666,64.168,,516,,511.7811,16.6414,4.6241,36.296,190.88,-9.99,0.031,,,-9.99,,,,
10180002,2003.714947,31.666,64.168,,518,,513.7623,16.6074,4.6198,36.2885,190.73,-9.99,0.03,,,-9.99,,,,
10180002,2003.714947,31.666,64.168,,520,,515.7434,16.5843,4.6172,36.2859,190.48,-9.99,0.027,,,-9.99,,,,
10180002,2003.714947,31.666,64.168,,522,,517.7246,16.561,4.6143,36.2799,189.96,-9.99,0.025,,,-9.99,,,,
10180002,2003.714947,31.666,64.168,,524,,519.7057,16.5098,4.6081,36.2709,189.57,-9.99,0.023,,,-9.99,,,,
10180002,2003.714947,31.666,64.168,,526,,521.6868,16.4669,4.6031,36.265,189.2,-9.99,0.018,,,-9.99,,,,
10180002,2003.714947,31.666,64.168,,528,,523.6679,16.4394,4.5998,36.2598,188.77,-9.99,0.023,,,-9.99,,,,
10180002,2003.714947,31.666,64.168,,530,,525.6489,16.4014,4.5953,36.2534,188.56,-9.99,0.023,,,-9.99,,,,
10180002,2003.714947,31.666,64.168,,532,,527.63,16.3684,4.5913,36.2477,188.44,-9.99,0.015,,,-9.99,,,,
10180002,2003.714947,31.666,64.168,,534,,529.611,16.3442,4.5885,36.2437,188.26,-9.99,0.012,,,-9.99,,,,
10180002,2003.714947,31.666,64.168,,536,,531.592,16.3153,4.5851,36.2391,187.9,-9.99,0.018,,,-9.99,,,,
10180002,2003.714947,31.666,64.168,,538,,533.573,16.2875,4.5817,36.2335,187.32,-9.99,0.027,,,-9.99,,,,
10180002,2003.714947,31.666,64.168,,540,,535.5539,16.2489,4.5771,36.2262,186.9,-9.99,0.022,,,-9.99,,,,
10180002,2003.714947,31.666,64.168,,542,,537.5349,16.1942,4.5705,36.2167,186.26,-9.99,0.014,,,-9.99,,,,
10180002,2003.714947,31.666,64.168,,544,,539.5158,16.1377,4.5637,36.2063,185.99,-9.99,0.014,,,-9.99,,,,
10180002,2003.714947,31.666,64.168,,546,,541.4967,16.1003,4.5591,36.199,185.7,-9.99,0.013,,,-9.99,,,,
10180002,2003.714947,31.666,64.168,,548,,543.4776,16.0641,4.5548,36.1931,184.14,-9.99,0.013,,,-9.99,,,,
10180002,2003.714947,31.666,64.168,,550,,545.4585,16.0402,4.5519,36.1876,182.69,-9.99,0.015,,,-9.99,,,,
10180002,2003.714947,31.666,64.168,,552,,547.4393,15.997,4.5467,36.1796,182.53,-9.99,0.02,,,-9.99,,,,
10180002,2003.714947,31.666,64.168,,554,,549.4202,15.9401,4.5398,36.1693,181.73,-9.99,0.028,,,-9.99,,,,
10180002,2003.714947,31.666,64.168,,556,,551.401,15.9171,4.5372,36.1662,179.52,-9.99,0.02,,,-9.99,,,,
10180002,2003.714947,31.666,64.168,,558,,553.3818,15.8758,4.532,36.1559,179.69,-9.99,0.019,,,-9.99,,,,
10180002,2003.714947,31.666,64.168,,560,,555.3626,15.8181,4.5252,36.1473,178.8,-9.99,0.018,,,-9.99,,,,
10180002,2003.714947,31.666,64.168,,562,,557.3433,15.7791,4.5207,36.1418,177.71,-9.99,0.021,,,-9.99,,,,
10180002,2003.714947,31.666,64.168,,564,,559.3241,15.7669,4.5191,36.1371,177.28,-9.99,0.024,,,-9.99,,,,
10180002,2003.714947,31.666,64.168,,566,,561.3048,15.7086,4.512,36.1259,176.88,-9.99,0.024,,,-9.99,,,,
10180002,2003.714947,31.666,64.168,,568,,563.2855,15.6746,4.508,36.12,176.84,-9.99,0.024,,,-9.99,,,,
10180002,2003.714947,31.666,64.168,,570,,565.2662,15.6067,4.4999,36.1088,176.89,-9.99,0.03,,,-9.99,,,,
10180002,2003.714947,31.666,64.168,,572,,567.2468,15.5676,4.4954,36.1028,177.05,-9.99,0.029,,,-9.99,,,,
10180002,2003.714947,31.666,64.168,,574,,569.2275,15.5454,4.4929,36.1001,177.47,-9.99,0.02,,,-9.99,,,,
10180002,2003.714947,31.666,64.168,,576,,571.2081,15.5316,4.4913,36.0972,177.53,-9.99,0.022,,,-9.99,,,,
10180002,2003.714947,31.666,64.168,,578,,573.1887,15.5062,4.4883,36.0932,177.36,-9.99,0.031,,,-9.99,,,,
10180002,2003.714947,31.666,64.168,,580,,575.1693,15.487,4.4862,36.0905,178.13,-9.99,0.026,,,-9.99,,,,
10180002,2003.714947,31.666,64.168,,582,,577.1499,15.468,4.484,36.0875,179.2,-9.99,0.018,,,-9.99,,,,
10180002,2003.714947,31.666,64.168,,584,,579.1304,15.4461,4.4816,36.0846,180.17,-9.99,0.016,,,-9.99,,,,
10180002,2003.714947,31.666,64.168,,586,,581.1109,15.4256,4.4792,36.0809,180.66,-9.99,0.02,,,-9.99,,,,
10180002,2003.714947,31.666,64.168,,588,,583.0915,15.3758,4.4733,36.0727,181.36,-9.99,0.02,,,-9.99,,,,
10180002,2003.714947,31.666,64.168,,590,,585.072,15.3297,4.468,36.0657,181.95,-9.99,0.02,,,-9.99,,,,
10180002,2003.714947,31.666,64.168,,592,,587.0524,15.2655,4.4603,36.0545,182.49,-9.99,0.018,,,-9.99,,,,
10180002,2003.714947,31.666,64.168,,594,,589.0329,15.205,4.4532,36.0442,182.6,-9.99,0.018,,,-9.99,,,,
10180002,2003.714947,31.666,64.168,,596,,591.0133,15.1465,4.4464,36.0356,182.69,-9.99,0.02,,,-9.99,,,,
10180002,2003.714947,31.666,64.168,,598,,592.9937,15.1096,4.4422,36.0305,182.72,-9.99,0.026,,,-9.99,,,,
10180002,2003.714947,31.666,64.168,,600,,594.9741,15.0879,4.4397,36.0262,182.64,-9.99,0.029,,,-9.99,,,,
10180002,2003.714947,31.666,64.168,,602,,596.9545,15.082,4.4391,36.0254,180.93,-9.99,0.025,,,-9.99,,,,
10180002,2003.714947,31.666,64.168,,604,,598.9349,15.0652,4.4371,36.022,180.43,-9.99,0.023,,,-9.99,,,,
10180002,2003.714947,31.666,64.168,,606,,600.9152,15.0163,4.4308,36.0086,180.13,-9.99,0.024,,,-9.99,,,,
10180002,2003.714947,31.666,64.168,,608,,602.8955,14.9389,4.4221,35.9997,179.69,-9.99,0.026,,,-9.99,,,,
10180002,2003.714947,31.666,64.168,,610,,604.8758,14.9217,4.4201,35.997,179.46,-9.99,0.026,,,-9.99,,,,
10180002,2003.714947,31.666,64.168,,612,,606.8561,14.9014,4.4178,35.9932,179.36,-9.99,0.026,,,-9.99,,,,
10180002,2003.714947,31.666,64.168,,614,,608.8364,14.8826,4.4158,35.9912,178.99,-9.99,0.03,,,-9.99,,,,
10180002,2003.714947,31.666,64.168,,616,,610.8166,14.8714,4.4144,35.9883,177.45,-9.99,0.029,,,-9.99,,,,
10180002,2003.714947,31.666,64.168,,618,,612.7969,14.8528,4.4123,35.9854,177.01,-9.99,0.03,,,-9.99,,,,
10180002,2003.714947,31.666,64.168,,620,,614.7771,14.8246,4.4089,35.9791,176.76,-9.99,0.033,,,-9.99,,,,
10180002,2003.714947,31.666,64.168,,622,,616.7573,14.7917,4.4051,35.9738,176.3,-9.99,0.035,,,-9.99,,,,
10180002,2003.714947,31.666,64.168,,624,,618.7374,14.7823,4.404,35.9715,175.07,-9.99,0.014,,,-9.99,,,,
10180002,2003.714947,31.666,64.168,,626,,620.7176,14.7491,4.3999,35.9641,173.93,-9.99,0.024,,,-9.99,,,,
10180002,2003.714947,31.666,64.168,,628,,622.6977,14.6621,4.3892,35.9453,172.37,-9.99,0.023,,,-9.99,,,,
10180002,2003.714947,31.666,64.168,,630,,624.6778,14.5849,4.3804,35.9345,172.1,-9.99,0.024,,,-9.99,,,,
10180002,2003.714947,31.666,64.168,,632,,626.6579,14.5327,4.3745,35.928,171.91,-9.99,0.028,,,-9.99,,,,
10180002,2003.714947,31.666,64.168,,634,,628.638,14.529,4.3741,35.9264,171.14,-9.99,0.03,,,-9.99,,,,
10180002,2003.714947,31.666,64.168,,636,,630.6181,14.4971,4.3704,35.9209,168.95,-9.99,0.021,,,-9.99,,,,
10180002,2003.714947,31.666,64.168,,638,,632.5981,14.4461,4.3643,35.9109,168.39,-9.99,0.02,,,-9.99,,,,
10180002,2003.714947,31.666,64.168,,640,,634.5781,14.4047,4.3595,35.9041,167.79,-9.99,0.019,,,-9.99,,,,
10180002,2003.714947,31.666,64.168,,642,,636.5581,14.3666,4.3551,35.898,167.32,-9.99,0.023,,,-9.99,,,,
10180002,2003.714947,31.666,64.168,,644,,638.5381,14.34,4.3521,35.8937,166.97,-9.99,0.023,,,-9.99,,,,
10180002,2003.714947,31.666,64.168,,646,,640.5181,14.3341,4.3515,35.8928,165.67,-9.99,0.027,,,-9.99,,,,
10180002,2003.714947,31.666,64.168,,648,,642.498,14.2649,4.3429,35.8767,164.76,-9.99,0.032,,,-9.99,,,,
10180002,2003.714947,31.666,64.168,,650,,644.4779,14.2228,4.3384,35.8732,164.74,-9.99,0.03,,,-9.99,,,,
10180002,2003.714947,31.666,64.168,,652,,646.4579,14.2014,4.3361,35.8709,164.72,-9.99,0.025,,,-9.99,,,,
10180002,2003.714947,31.666,64.168,,654,,648.4377,14.1945,4.3355,35.8707,164.47,-9.99,0.027,,,-9.99,,,,
10180002,2003.714947,31.666,64.168,,656,,650.4176,14.1897,4.335,35.8701,163.63,-9.99,0.027,,,-9.99,,,,
10180002,2003.714947,31.666,64.168,,658,,652.3975,14.1553,4.331,35.8634,162.78,-9.99,0.027,,,-9.99,,,,
10180002,2003.714947,31.666,64.168,,660,,654.3773,14.0843,4.3225,35.8499,162.41,-9.99,0.024,,,-9.99,,,,
10180002,2003.714947,31.666,64.168,,662,,656.3571,14.0167,4.3144,35.836,162.37,-9.99,0.024,,,-9.99,,,,
10180002,2003.714947,31.666,64.168,,664,,658.3369,13.9338,4.3048,35.8226,162.37,-9.99,0.025,,,-9.99,,,,
10180002,2003.714947,31.666,64.168,,666,,660.3167,13.8814,4.299,35.8164,161.83,-9.99,0.024,,,-9.99,,,,
10180002,2003.714947,31.666,64.168,,668,,662.2964,13.8289,4.2931,35.8095,161.58,-9.99,0.026,,,-9.99,,,,
10180002,2003.714947,31.666,64.168,,670,,664.2762,13.771,4.2864,35.7995,161.43,-9.99,0.029,,,-9.99,,,,
10180002,2003.714947,31.666,64.168,,672,,666.2559,13.7081,4.2791,35.7894,161.32,-9.99,0.033,,,-9.99,,,,
10180002,2003.714947,31.666,64.168,,674,,668.2356,13.6591,4.2736,35.7826,161.04,-9.99,0.022,,,-9.99,,,,
10180002,2003.714947,31.666,64.168,,676,,670.2153,13.5848,4.265,35.7701,160.79,-9.99,0.017,,,-9.99,,,,
10180002,2003.714947,31.666,64.168,,678,,672.1949,13.5194,4.2576,35.7602,160.85,-9.99,0.019,,,-9.99,,,,
10180002,2003.714947,31.666,64.168,,680,,674.1746,13.4345,4.2479,35.7474,161.03,-9.99,0.025,,,-9.99,,,,
10180002,2003.714947,31.666,64.168,,682,,676.1542,13.3895,4.243,35.7427,161.11,-9.99,0.026,,,-9.99,,,,
10180002,2003.714947,31.666,64.168,,684,,678.1338,13.3742,4.2415,35.7419,161.07,-9.99,0.019,,,-9.99,,,,
10180002,2003.714947,31.666,64.168,,686,,680.1134,13.3727,4.2414,35.7412,160.79,-9.99,0.025,,,-9.99,,,,
10180002,2003.714947,31.666,64.168,,688,,682.0929,13.3337,4.2368,35.7335,160.89,-9.99,0.027,,,-9.99,,,,
10180002,2003.714947,31.666,64.168,,690,,684.0725,13.2499,4.2275,35.7224,160.96,-9.99,0.027,,,-9.99,,,,
10180002,2003.714947,31.666,64.168,,692,,686.052,13.1972,4.2217,35.7165,161.03,-9.99,0.023,,,-9.99,,,,
10180002,2003.714947,31.666,64.168,,694,,688.0315,13.1626,4.2178,35.7112,161.08,-9.99,0.026,,,-9.99,,,,
10180002,2003.714947,31.666,64.168,,696,,690.011,13.1185,4.2127,35.7028,160.88,-9.99,0.037,,,-9.99,,,,
10180002,2003.714947,31.666,64.168,,698,,691.9905,13.0765,4.2073,35.6905,159.4,-9.99,0.029,,,-9.99,,,,
10180002,2003.714947,31.666,64.168,,700,,693.9699,12.9501,4.1934,35.6755,159.6,-9.99,0.024,,,-9.99,,,,
10180002,2003.714947,31.666,64.168,,702,,695.9494,12.8912,4.1871,35.6699,159.46,-9.99,0.021,,,-9.99,,,,
10180002,2003.714947,31.666,64.168,,704,,697.9288,12.8755,4.1855,35.6681,158.92,-9.99,0.024,,,-9.99,,,,
10180002,2003.714947,31.666,64.168,,706,,699.9082,12.8441,4.182,35.664,158.54,-9.99,0.02,,,-9.99,,,,
10180002,2003.714947,31.666,64.168,,708,,701.8876,12.7671,4.1734,35.6527,158.14,-9.99,0.019,,,-9.99,,,,
10180002,2003.714947,31.666,64.168,,710,,703.8669,12.7013,4.1662,35.6448,157.65,-9.99,0.029,,,-9.99,,,,
10180002,2003.714947,31.666,64.168,,712,,705.8463,12.6318,4.1584,35.6345,157.51,-9.99,0.031,,,-9.99,,,,
10180002,2003.714947,31.666,64.168,,714,,707.8256,12.5753,4.1521,35.6272,157.39,-9.99,0.028,,,-9.99,,,,
10180002,2003.714947,31.666,64.168,,716,,709.8049,12.5544,4.1498,35.6232,157.18,-9.99,0.028,,,-9.99,,,,
10180002,2003.714947,31.666,64.168,,718,,711.7842,12.5266,4.1465,35.6168,156.53,-9.99,0.024,,,-9.99,,,,
10180002,2003.714947,31.666,64.168,,720,,713.7634,12.4362,4.1362,35.6027,156.03,-9.99,0.024,,,-9.99,,,,
10180002,2003.714947,31.666,64.168,,722,,715.7427,12.3762,4.13,35.5987,155.97,-9.99,0.032,,,-9.99,,,,
10180002,2003.714947,31.666,64.168,,724,,717.7219,12.3441,4.1266,35.5946,155.62,-9.99,0.032,,,-9.99,,,,
10180002,2003.714947,31.666,64.168,,726,,719.7011,12.2899,4.1205,35.5865,155.32,-9.99,0.028,,,-9.99,,,,
10180002,2003.714947,31.666,64.168,,728,,721.6803,12.2387,4.115,35.5805,155.11,-9.99,0.023,,,-9.99,,,,
10180002,2003.714947,31.666,64.168,,730,,723.6595,12.192,4.1097,35.5731,154.91,-9.99,0.02,,,-9.99,,,,
10180002,2003.714947,31.666,64.168,,732,,725.6386,12.1459,4.1046,35.5663,154.87,-9.99,0.022,,,-9.99,,,,
10180002,2003.714947,31.666,64.168,,734,,727.6178,12.1217,4.1022,35.5643,154.89,-9.99,0.027,,,-9.99,,,,
10180002,2003.714947,31.666,64.168,,736,,729.5969,12.1089,4.1006,35.5604,154.35,-9.99,0.029,,,-9.99,,,,
10180002,2003.714947,31.666,64.168,,738,,731.576,12.0814,4.0975,35.5554,153.54,-9.99,0.029,,,-9.99,,,,
10180002,2003.714947,31.666,64.168,,740,,733.555,12.0091,4.0895,35.5454,153.58,-9.99,0.027,,,-9.99,,,,
10180002,2003.714947,31.666,64.168,,742,,735.5341,11.9354,4.0814,35.5358,153.63,-9.99,0.026,,,-9.99,,,,
10180002,2003.714947,31.666,64.168,,744,,737.5131,11.8924,4.077,35.5326,153.53,-9.99,0.022,,,-9.99,,,,
10180002,2003.714947,31.666,64.168,,746,,739.4921,11.869,4.0745,35.5294,153.19,-9.99,0.022,,,-9.99,,,,
10180002,2003.714947,31.666,64.168,,748,,741.4712,11.8414,4.0714,35.5246,152.83,-9.99,0.022,,,-9.99,,,,
10180002,2003.714947,31.666,64.168,,750,,743.4501,11.7917,4.066,35.5183,152.52,-9.99,0.024,,,-9.99,,,,
10180002,2003.714947,31.666,64.168,,752,,745.4291,11.7675,4.0634,35.515,152.33,-9.99,0.025,,,-9.99,,,,
10180002,2003.714947,31.666,64.168,,754,,747.408,11.6945,4.0553,35.5039,152.38,-9.99,0.02,,,-9.99,,,,
10180002,2003.714947,31.666,64.168,,756,,749.387,11.6552,4.0512,35.5003,152.33,-9.99,0.029,,,-9.99,,,,
10180002,2003.714947,31.666,64.168,,758,,751.3659,11.6315,4.0485,35.496,151.97,-9.99,0.027,,,-9.99,,,,
10180002,2003.714947,31.666,64.168,,760,,753.3448,11.5673,4.0415,35.487,151.61,-9.99,0.021,,,-9.99,,,,
10180002,2003.714947,31.666,64.168,,762,,755.3236,11.5194,4.0364,35.4823,151.66,-9.99,0.026,,,-9.99,,,,
10180002,2003.714947,31.666,64.168,,764,,757.3025,11.4916,4.0335,35.4792,151.59,-9.99,0.021,,,-9.99,,,,
10180002,2003.714947,31.666,64.168,,766,,759.2813,11.4401,4.0279,35.4722,151.36,-9.99,0.027,,,-9.99,,,,
10180002,2003.714947,31.666,64.168,,768,,761.2601,11.4192,4.0257,35.47,151.27,-9.99,0.033,,,-9.99,,,,
10180002,2003.714947,31.666,64.168,,770,,763.2389,11.3173,4.0145,35.455,151.44,-9.99,0.026,,,-9.99,,,,
10180002,2003.714947,31.666,64.168,,772,,765.2177,11.282,4.0111,35.4548,151.47,-9.99,0.021,,,-9.99,,,,
10180002,2003.714947,31.666,64.168,,774,,767.1964,11.2713,4.0099,35.4524,151.47,-9.99,0.026,,,-9.99,,,,
10180002,2003.714947,31.666,64.168,,776,,769.1752,11.2361,4.006,35.4465,151.51,-9.99,0.032,,,-9.99,,,,
10180002,2003.714947,31.666,64.168,,778,,771.1539,11.1738,3.9995,35.4404,151.44,-9.99,0.039,,,-9.99,,,,
10180002,2003.714947,31.666,64.168,,780,,773.1326,11.1505,3.9972,35.439,150.99,-9.99,0.036,,,-9.99,,,,
10180002,2003.714947,31.666,64.168,,782,,775.1113,11.1314,3.995,35.4354,150.15,-9.99,0.027,,,-9.99,,,,
10180002,2003.714947,31.666,64.168,,784,,777.0899,11.0222,3.9826,35.4157,149.78,-9.99,0.024,,,-9.99,,,,
10180002,2003.714947,31.666,64.168,,786,,779.0686,10.903,3.97,35.4032,149.91,-9.99,0.021,,,-9.99,,,,
10180002,2003.714947,31.666,64.168,,788,,781.0472,10.8344,3.963,35.3982,149.97,-9.99,0.019,,,-9.99,,,,
10180002,2003.714947,31.666,64.168,,790,,783.0258,10.8226,3.9618,35.3972,149.66,-9.99,0.018,,,-9.99,,,,
10180002,2003.714947,31.666,64.168,,792,,785.0044,10.8084,3.9604,35.396,149.35,-9.99,0.014,,,-9.99,,,,
10180002,2003.714947,31.666,64.168,,794,,786.983,10.797,3.9593,35.3951,149.2,-9.99,0.015,,,-9.99,,,,
10180002,2003.714947,31.666,64.168,,796,,788.9615,10.7681,3.9559,35.3882,149.07,-9.99,0.02,,,-9.99,,,,
10180002,2003.714947,31.666,64.168,,798,,790.94,10.7034,3.9491,35.3811,149.19,-9.99,0.023,,,-9.99,,,,
10180002,2003.714947,31.666,64.168,,800,,792.9185,10.6531,3.9439,35.3766,149.26,-9.99,0.026,,,-9.99,,,,
10180002,2003.714947,31.666,64.168,,802,,794.897,10.6297,3.9414,35.3734,149.2,-9.99,0.027,,,-9.99,,,,
10180002,2003.714947,31.666,64.168,,804,,796.8755,10.5932,3.9376,35.3694,149.12,-9.99,0.03,,,-9.99,,,,
10180002,2003.714947,31.666,64.168,,806,,798.854,10.5566,3.9338,35.3658,149.01,-9.99,0.033,,,-9.99,,,,
10180002,2003.714947,31.666,64.168,,808,,800.8324,10.5344,3.9316,35.3635,148.86,-9.99,0.037,,,-9.99,,,,
10180002,2003.714947,31.666,64.168,,810,,802.8108,10.5094,3.929,35.3608,148.88,-9.99,0.034,,,-9.99,,,,
10180002,2003.714947,31.666,64.168,,812,,804.7892,10.4217,3.9195,35.3489,149.16,-9.99,0.034,,,-9.99,,,,
10180002,2003.714947,31.666,64.168,,814,,806.7676,10.2993,3.9065,35.3352,149.72,-9.99,0.036,,,-9.99,,,,
10180002,2003.714947,31.666,64.168,,816,,808.746,10.2622,3.9029,35.3333,149.65,-9.99,0.033,,,-9.99,,,,
10180002,2003.714947,31.666,64.168,,818,,810.7243,10.2133,3.8973,35.3236,149.59,-9.99,0.029,,,-9.99,,,,
10180002,2003.714947,31.666,64.168,,820,,812.7026,10.1593,3.8916,35.3167,149.73,-9.99,0.025,,,-9.99,,,,
10180002,2003.714947,31.666,64.168,,822,,814.6809,10.078,3.8834,35.3113,149.98,-9.99,0.027,,,-9.99,,,,
10180002,2003.714947,31.666,64.168,,824,,816.6592,10.0486,3.8804,35.309,150.11,-9.99,0.024,,,-9.99,,,,
10180002,2003.714947,31.666,64.168,,826,,818.6375,10.0363,3.8794,35.3095,150.12,-9.99,0.023,,,-9.99,,,,
10180002,2003.714947,31.666,64.168,,828,,820.6157,10.0336,3.8792,35.3094,150.05,-9.99,0.026,,,-9.99,,,,
10180002,2003.714947,31.666,64.168,,830,,822.5939,10.0299,3.8789,35.3087,149.96,-9.99,0.021,,,-9.99,,,,
10180002,2003.714947,31.666,64.168,,832,,824.5722,10.0179,3.8777,35.3077,149.89,-9.99,0.018,,,-9.99,,,,
10180002,2003.714947,31.666,64.168,,834,,826.5503,10.0107,3.877,35.3067,149.83,-9.99,0.019,,,-9.99,,,,
10180002,2003.714947,31.666,64.168,,836,,828.5285,,9.9988,3.8756,35.3031,149.88,-9.99,0.022,,,-9.99,,,
10180002,2003.714947,31.666,64.168,,838,,830.5067,,9.9406,3.8692,35.2937,150.08,-9.99,0.019,,,-9.99,,,
10180002,2003.714947,31.666,64.168,,840,,832.4848,,9.9062,3.8661,35.2944,150.2,-9.99,0.024,,,-9.99,,,
10180002,2003.714947,31.666,64.168,,842,,834.4629,,9.8899,3.8645,35.2932,150.24,-9.99,0.03,,,-9.99,,,
10180002,2003.714947,31.666,64.168,,844,,836.441,,9.8577,3.8612,35.2898,150.34,-9.99,0.026,,,-9.99,,,
10180002,2003.714947,31.666,64.168,,846,,838.4191,,9.8071,3.8559,35.2838,150.53,-9.99,0.023,,,-9.99,,,
10180002,2003.714947,31.666,64.168,,848,,840.3972,,9.7188,3.8467,35.2746,150.79,-9.99,0.024,,,-9.99,,,
10180002,2003.714947,31.666,64.168,,850,,842.3752,,9.6325,3.8377,35.2658,151.13,-9.99,0.03,,,-9.99,,,
10180002,2003.714947,31.666,64.168,,852,,844.3532,,9.5663,3.8309,35.2595,151.39,-9.99,0.032,,,-9.99,,,
10180002,2003.714947,31.666,64.168,,854,,846.3312,,9.5195,3.8262,35.2557,151.62,-9.99,0.027,,,-9.99,,,
10180002,2003.714947,31.666,64.168,,856,,848.3092,,9.487,3.8229,35.2523,151.74,-9.99,0.021,,,-9.99,,,
10180002,2003.714947,31.666,64.168,,858,,850.2872,,9.4636,3.8205,35.2499,151.71,-9.99,0.025,,,-9.99,,,
10180002,2003.714947,31.666,64.168,,860,,852.2651,,9.4478,3.8189,35.2479,151.59,-9.99,0.027,,,-9.99,,,
10180002,2003.714947,31.666,64.168,,862,,854.243,,9.4093,3.8148,35.2418,151.61,-9.99,0.032,,,-9.99,,,
10180002,2003.714947,31.666,64.168,,864,,856.221,,9.3392,3.8074,35.2337,152.01,-9.99,0.033,,,-9.99,,,
10180002,2003.714947,31.666,64.168,,866,,858.1988,,9.2371,3.7973,35.2275,152.5,-9.99,0.031,,,-9.99,,,
10180002,2003.714947,31.666,64.168,,868,,860.1767,,9.2163,3.7954,35.2274,152.73,-9.99,0.03,,,-9.99,,,
10180002,2003.714947,31.666,64.168,,870,,862.1546,,9.2137,3.7953,35.2278,152.8,-9.99,0.022,,,-9.99,,,
10180002,2003.714947,31.666,64.168,,872,,864.1324,,9.1954,3.7935,35.2265,153.31,-9.99,0.021,,,-9.99,,,
10180002,2003.714947,31.666,64.168,,874,,866.1102,,9.1521,3.7893,35.2246,154,-9.99,0.023,,,-9.99,,,
10180002,2003.714947,31.666,64.168,,876,,868.088,,9.1276,3.787,35.224,154.29,-9.99,0.026,,,-9.99,,,
10180002,2003.714947,31.666,64.168,,878,,870.0658,,9.1099,3.7854,35.2235,154.59,-9.99,0.028,,,-9.99,,,
10180002,2003.714947,31.666,64.168,,880,,872.0435,,9.0788,3.7823,35.2209,155.25,-9.99,0.028,,,-9.99,,,
10180002,2003.714947,31.666,64.168,,882,,874.0213,,8.998,3.774,35.2128,156.15,-9.99,0.027,,,-9.99,,,
10180002,2003.714947,31.666,64.168,,884,,875.999,,8.9396,3.7683,35.2097,156.55,-9.99,0.022,,,-9.99,,,
10180002,2003.714947,31.666,64.168,,886,,877.9767,,8.8943,3.7636,35.2042,156.83,-9.99,0.029,,,-9.99,,,
10180002,2003.714947,31.666,64.168,,888,,879.9544,,8.8475,3.7581,35.1923,157.67,-9.99,0.026,,,-9.99,,,
10180002,2003.714947,31.666,64.168,,890,,881.9321,,8.775,3.7516,35.1943,158.15,-9.99,0.023,,,-9.99,,,
10180002,2003.714947,31.666,64.168,,892,,883.9097,,8.7479,3.749,35.1935,158.4,-9.99,0.029,,,-9.99,,,
10180002,2003.714947,31.666,64.168,,894,,885.8873,,8.7265,3.7469,35.1919,158.54,-9.99,0.028,,,-9.99,,,
10180002,2003.714947,31.666,64.168,,896,,887.8649,,8.6916,3.7435,35.1897,159.17,-9.99,0.025,,,-9.99,,,
10180002,2003.714947,31.666,64.168,,898,,889.8425,,8.6655,3.741,35.1881,159.41,-9.99,0.03,,,-9.99,,,
10180002,2003.714947,31.666,64.168,,900,,891.8201,,8.6314,3.7375,35.1839,159.62,-9.99,0.033,,,-9.99,,,
10180002,2003.714947,31.666,64.168,,902,,893.7977,,8.5628,3.7306,35.1776,160.34,-9.99,0.029,,,-9.99,,,
10180002,2003.714947,31.666,64.168,,904,,895.7752,,8.5006,3.7243,35.1722,160.89,-9.99,0.025,,,-9.99,,,
10180002,2003.714947,31.666,64.168,,906,,897.7527,,8.4546,3.7199,35.1701,161.21,-9.99,0.021,,,-9.99,,,
10180002,2003.714947,31.666,64.168,,908,,899.7302,,8.4305,3.7176,35.1696,161.85,-9.99,0.025,,,-9.99,,,
10180002,2003.714947,31.666,64.168,,910,,901.7077,,8.3421,3.7089,35.1634,162.86,-9.99,0.024,,,-9.99,,,
10180002,2003.714947,31.666,64.168,,912,,903.6851,,8.2854,3.7034,35.1605,163.32,-9.99,0.026,,,-9.99,,,
10180002,2003.714947,31.666,64.168,,914,,905.6626,,8.2624,3.7012,35.1594,163.66,-9.99,0.031,,,-9.99,,,
10180002,2003.714947,31.666,64.168,,916,,907.64,,8.2512,3.7002,35.1588,163.96,-9.99,0.03,,,-9.99,,,
10180002,2003.714947,31.666,64.168,,918,,909.6174,,8.2252,3.6977,35.1569,164.21,-9.99,0.031,,,-9.99,,,
10180002,2003.714947,31.666,64.168,,920,,911.5948,,8.2088,3.6962,35.1563,164.54,-9.99,0.03,,,-9.99,,,
10180002,2003.714947,31.666,64.168,,922,,913.5721,,8.2009,3.6954,35.1557,164.91,-9.99,0.024,,,-9.99,,,
10180002,2003.714947,31.666,64.168,,924,,915.5495,,8.1586,3.6912,35.1522,165.48,-9.99,0.029,,,-9.99,,,
10180002,2003.714947,31.666,64.168,,926,,917.5268,,8.1189,3.6874,35.1498,165.94,-9.99,0.03,,,-9.99,,,
10180002,2003.714947,31.666,64.168,,928,,919.5041,,8.0427,3.68,35.1462,166.84,-9.99,0.027,,,-9.99,,,
10180002,2003.714947,31.666,64.168,,930,,921.4814,,8.0243,3.6784,35.1461,167.31,-9.99,0.028,,,-9.99,,,
10180002,2003.714947,31.666,64.168,,932,,923.4587,,8.001,3.6762,35.1448,167.88,-9.99,0.033,,,-9.99,,,
10180002,2003.714947,31.666,64.168,,934,,925.4359,,7.9617,3.6724,35.1431,168.28,-9.99,0.032,,,-9.99,,,
10180002,2003.714947,31.666,64.168,,936,,927.4132,,7.9215,3.6688,35.1431,168.86,-9.99,0.029,,,-9.99,,,
10180002,2003.714947,31.666,64.168,,938,,929.3904,,7.9078,3.6675,35.1427,169.39,-9.99,0.03,,,-9.99,,,
10180002,2003.714947,31.666,64.168,,940,,931.3676,,7.8652,3.6636,35.1419,169.89,-9.99,0.03,,,-9.99,,,
10180002,2003.714947,31.666,64.168,,942,,933.3448,,7.8316,3.6605,35.1411,170.54,-9.99,0.031,,,-9.99,,,
10180002,2003.714947,31.666,64.168,,944,,935.3219,,7.8018,3.6577,35.1404,171.19,-9.99,0.034,,,-9.99,,,
10180002,2003.714947,31.666,64.168,,946,,937.2991,,7.7539,3.653,35.1371,171.97,-9.99,0.038,,,-9.99,,,
10180002,2003.714947,31.666,64.168,,948,,939.2762,,7.6929,3.6472,35.1345,173.24,-9.99,0.029,,,-9.99,,,
10180002,2003.714947,31.666,64.168,,950,,941.2533,,7.6398,3.6422,35.1328,174.08,-9.99,0.025,,,-9.99,,,
10180002,2003.714947,31.666,64.168,,952,,943.2304,,7.5848,3.637,35.1307,174.75,-9.99,0.02,,,-9.99,,,
10180002,2003.714947,31.666,64.168,,954,,945.2074,,7.5561,3.6344,35.1314,175.23,-9.99,0.02,,,-9.99,,,
10180002,2003.714947,31.666,64.168,,956,,947.1845,,7.5265,3.6318,35.1316,176.11,-9.99,0.033,,,-9.99,,,
10180002,2003.714947,31.666,64.168,,958,,949.1615,,7.5112,3.6305,35.1324,176.46,-9.99,0.027,,,-9.99,,,
10180002,2003.714947,31.666,64.168,,960,,951.1385,,7.4985,3.6295,35.1329,176.67,-9.99,0.027,,,-9.99,,,
10180002,2003.714947,31.666,64.168,,962,,953.1155,,7.4833,3.6281,35.1317,177.01,-9.99,0.025,,,-9.99,,,
10180002,2003.714947,31.666,64.168,,964,,955.0925,,7.4438,3.6242,35.129,177.67,-9.99,0.019,,,-9.99,,,
10180002,2003.714947,31.666,64.168,,966,,957.0694,,7.401,3.62,35.1254,178.43,-9.99,0.026,,,-9.99,,,
10180002,2003.714947,31.666,64.168,,968,,959.0464,,7.3622,3.6163,35.1236,179.04,-9.99,0.029,,,-9.99,,,
10180002,2003.714947,31.666,64.168,,970,,961.0233,,7.341,3.6144,35.1226,179.31,-9.99,0.023,,,-9.99,,,
10180002,2003.714947,31.666,64.168,,972,,963.0002,,7.3127,3.6118,35.1222,179.5,-9.99,0.023,,,-9.99,,,
10180002,2003.714947,31.666,64.168,,974,,964.977,,7.2977,3.6105,35.1227,180.04,-9.99,0.019,,,-9.99,,,
10180002,2003.714947,31.666,64.168,,976,,966.9539,,7.2528,3.6063,35.1214,180.84,-9.99,0.017,,,-9.99,,,
10180002,2003.714947,31.666,64.168,,978,,968.9307,,7.2251,3.6037,35.12,181.5,-9.99,0.02,,,-9.99,,,
10180002,2003.714947,31.666,64.168,,980,,970.9076,,7.176,3.599,35.1169,182.3,-9.99,0.019,,,-9.99,,,
10180002,2003.714947,31.666,64.168,,982,,972.8844,,7.1389,3.5956,35.1171,182.85,-9.99,0.022,,,-9.99,,,
10180002,2003.714947,31.666,64.168,,984,,974.8612,,7.0978,3.5918,35.116,183.73,-9.99,0.031,,,-9.99,,,
10180002,2003.714947,31.666,64.168,,986,,976.8379,,7.0683,3.5891,35.1155,184.25,-9.99,0.033,,,-9.99,,,
10180002,2003.714947,31.666,64.168,,988,,978.8147,,7.0348,3.5861,35.115,185.22,-9.99,0.03,,,-9.99,,,
10180002,2003.714947,31.666,64.168,,990,,980.7914,,7.0227,3.585,35.1147,185.99,-9.99,0.028,,,-9.99,,,
10180002,2003.714947,31.666,64.168,,992,,982.7681,,6.9975,3.5826,35.1129,186.4,-9.99,0.034,,,-9.99,,,
10180002,2003.714947,31.666,64.168,,994,,984.7448,,6.9679,3.5799,35.1121,186.7,-9.99,0.034,,,-9.99,,,
10180002,2003.714947,31.666,64.168,,996,,986.7215,,6.9167,3.5751,35.1101,187.62,-9.99,0.028,,,-9.99,,,
10180002,2003.714947,31.666,64.168,,998,,988.6981,,6.899,3.5734,35.1092,188.09,-9.99,0.027,,,-9.99,,,
10180002,2003.714947,31.666,64.168,1000,,990.6747,,6.8569,3.5695,35.1078,189.26,-9.99,0.03,,,-9.99,,,,
10180002,2003.714947,31.666,64.168,1002,,992.6514,,6.8401,3.5679,35.1067,189.72,-9.99,0.028,,,-9.99,,,,
10180002,2003.714947,31.666,64.168,1004,,994.628,,6.8161,3.5657,35.1054,190.14,-9.99,0.026,,,-9.99,,,,
10180002,2003.714947,31.666,64.168,1006,,996.6045,,6.7958,3.5638,35.1046,190.68,-9.99,0.035,,,-9.99,,,,
10180002,2003.714947,31.666,64.168,1008,,998.5811,,6.7748,3.5618,35.1027,191.2,-9.99,0.033,,,-9.99,,,,
10180002,2003.714947,31.666,64.168,1010,1000.5576,,6.7359,3.5581,35.1004,192.26,-9.99,0.029,,,-9.99,,,,,
10180002,2003.714947,31.666,64.168,1012,1002.5342,,6.6843,3.5532,35.0978,193.43,-9.99,0.022,,,-9.99,,,,,
10180002,2003.714947,31.666,64.168,1014,1004.5107,,6.6463,3.5497,35.0969,194.06,-9.99,0.026,,,-9.99,,,,,
10180002,2003.714947,31.666,64.168,1016,1006.4872,,6.6262,3.548,35.0974,194.79,-9.99,0.037,,,-9.99,,,,,
10180002,2003.714947,31.666,64.168,1018,1008.4636,,6.6134,3.5469,35.0972,195.29,-9.99,0.033,,,-9.99,,,,,
10180002,2003.714947,31.666,64.168,1020,1010.4401,,6.6034,3.546,35.0969,195.4,-9.99,0.024,,,-9.99,,,,,
10180002,2003.714947,31.666,64.168,1022,1012.4165,,6.5942,3.5453,35.0973,195.71,-9.99,0.019,,,-9.99,,,,,
10180002,2003.714947,31.666,64.168,1024,1014.3929,,6.5923,3.5452,35.0973,196.5,-9.99,0.022,,,-9.99,,,,,
10180002,2003.714947,31.666,64.168,1026,1016.3693,,6.5786,3.5439,35.0963,196.98,-9.99,0.024,,,-9.99,,,,,
10180002,2003.714947,31.666,64.168,1028,1018.3457,,6.5479,3.5412,35.0962,197.49,-9.99,0.026,,,-9.99,,,,,
10180002,2003.714947,31.666,64.168,1030,1020.322,,6.5339,3.54,35.096,198.27,-9.99,0.022,,,-9.99,,,,,
10180002,2003.714947,31.666,64.168,1032,1022.2984,,6.5034,3.5371,35.0941,198.59,-9.99,0.026,,,-9.99,,,,,
10180002,2003.714947,31.666,64.168,1034,1024.2747,,6.4931,3.5362,35.0941,198.86,-9.99,0.017,,,-9.99,,,,,
10180002,2003.714947,31.666,64.168,1036,1026.251,,6.4789,3.5348,35.0921,199.25,-9.99,0.026,,,-9.99,,,,,
10180002,2003.714947,31.666,64.168,1038,1028.2272,,6.4595,3.533,35.0911,199.55,-9.99,0.021,,,-9.99,,,,,
10180002,2003.714947,31.666,64.168,1040,1030.2035,,6.4578,3.533,35.0916,199.7,-9.99,0.028,,,-9.99,,,,,
10180002,2003.714947,31.666,64.168,1042,1032.1797,,6.4513,3.5325,35.0914,200.26,-9.99,0.031,,,-9.99,,,,,
10180002,2003.714947,31.666,64.168,1044,1034.156,,6.4415,3.5318,35.0929,200.82,-9.99,0.032,,,-9.99,,,,,
10180002,2003.714947,31.666,64.168,1046,1036.1322,,6.4017,3.5282,35.0922,201.42,-9.99,0.024,,,-9.99,,,,,
10180002,2003.714947,31.666,64.168,1048,1038.1084,,6.3717,3.5255,35.0924,201.99,-9.99,0.025,,,-9.99,,,,,
10180002,2003.714947,31.666,64.168,1050,1040.0845,,6.3649,3.525,35.0927,202.3,-9.99,0.025,,,-9.99,,,,,
10180002,2003.714947,31.666,64.168,1052,1042.0607,,6.3618,3.5249,35.0935,202.54,-9.99,0.023,,,-9.99,,,,,
10180002,2003.714947,31.666,64.168,1054,1044.0368,,6.3581,3.5247,35.0941,202.85,-9.99,0.024,,,-9.99,,,,,
10180002,2003.714947,31.666,64.168,1056,1046.0129,,6.3377,3.5229,35.0949,203.49,-9.99,0.027,,,-9.99,,,,,
10180002,2003.714947,31.666,64.168,1058,1047.989,,6.306,3.5201,35.0943,204.2,-9.99,0.027,,,-9.99,,,,,
10180002,2003.714947,31.666,64.168,1060,1049.9651,,6.2803,3.5177,35.0937,204.68,-9.99,0.027,,,-9.99,,,,,
10180002,2003.714947,31.666,64.168,1062,1051.9411,,6.2674,3.5166,35.0937,204.92,-9.99,0.029,,,-9.99,,,,,
10180002,2003.714947,31.666,64.168,1064,1053.9172,,6.2571,3.5158,35.0942,205.3,-9.99,0.028,,,-9.99,,,,,
10180002,2003.714947,31.666,64.168,1066,1055.8932,,6.2513,3.5154,35.0942,205.6,-9.99,0.021,,,-9.99,,,,,
10180002,2003.714947,31.666,64.168,1068,1057.8692,,6.2326,3.5137,35.0938,205.9,-9.99,0.016,,,-9.99,,,,,
10180002,2003.714947,31.666,64.168,1070,1059.8452,,6.2264,3.5132,35.0936,205.99,-9.99,0.017,,,-9.99,,,,,
10180002,2003.714947,31.666,64.168,1072,1061.8211,,6.216,3.5123,35.0927,206.19,-9.99,0.021,,,-9.99,,,,,
10180002,2003.714947,31.666,64.168,1074,1063.7971,,6.1845,3.5093,35.0907,206.92,-9.99,0.025,,,-9.99,,,,,
10180002,2003.714947,31.666,64.168,1076,1065.773,,6.1368,3.5047,35.0874,207.86,-9.99,0.031,,,-9.99,,,,,
10180002,2003.714947,31.666,64.168,1078,1067.7489,,6.1184,3.5031,35.0871,208.19,-9.99,0.028,,,-9.99,,,,,
10180002,2003.714947,31.666,64.168,1080,1069.7248,,6.1046,3.5018,35.0862,208.74,-9.99,0.025,,,-9.99,,,,,
10180002,2003.714947,31.666,64.168,1082,1071.7007,,6.0857,3.5,35.084,209.33,-9.99,0.026,,,-9.99,,,,,
10180002,2003.714947,31.666,64.168,1084,1073.6765,,6.0429,3.4959,35.0816,209.73,-9.99,0.03,,,-9.99,,,,,
10180002,2003.714947,31.666,64.168,1086,1075.6523,,6.0133,3.4934,35.0824,210.72,-9.99,0.033,,,-9.99,,,,,
10180002,2003.714947,31.666,64.168,1088,1077.6282,,6.0017,3.4926,35.0851,211.33,-9.99,0.032,,,-9.99,,,,,
10180002,2003.714947,31.666,64.168,1090,1079.6039,,5.9961,3.4923,35.0861,211.55,-9.99,0.03,,,-9.99,,,,,
10180002,2003.714947,31.666,64.168,1092,1081.5797,,5.9889,3.4917,35.0859,211.89,-9.99,0.027,,,-9.99,,,,,
10180002,2003.714947,31.666,64.168,1094,1083.5555,,5.9693,3.4899,35.0849,212.55,-9.99,0.025,,,-9.99,,,,,
10180002,2003.714947,31.666,64.168,1096,1085.5312,,5.9401,3.4872,35.0836,212.94,-9.99,0.027,,,-9.99,,,,,
10180002,2003.714947,31.666,64.168,1098,1087.5069,,5.9279,3.4861,35.083,213.35,-9.99,0.023,,,-9.99,,,,,
10180002,2003.714947,31.666,64.168,1100,1089.4826,,5.9061,3.4841,35.0816,213.98,-9.99,0.025,,,-9.99,,,,,
10180002,2003.714947,31.666,64.168,1102,1091.4583,,5.89,3.4828,35.0823,214.32,-9.99,0.027,,,-9.99,,,,,
10180002,2003.714947,31.666,64.168,1104,1093.434,,5.8875,3.4826,35.0824,214.72,-9.99,0.022,,,-9.99,,,,,
10180002,2003.714947,31.666,64.168,1106,1095.4096,,5.8719,3.4812,35.0817,215.19,-9.99,0.024,,,-9.99,,,,,
10180002,2003.714947,31.666,64.168,1108,1097.3853,,5.8583,3.4801,35.0817,215.51,-9.99,0.022,,,-9.99,,,,,
10180002,2003.714947,31.666,64.168,1110,1099.3609,,5.8432,3.4788,35.0814,215.77,-9.99,0.021,,,-9.99,,,,,
10180002,2003.714947,31.666,64.168,1112,1101.3364,,5.8363,3.4782,35.0816,216.16,-9.99,0.025,,,-9.99,,,,,
10180002,2003.714947,31.666,64.168,1114,1103.312,,5.8282,3.4775,35.0802,216.48,-9.99,0.026,,,-9.99,,,,,
10180002,2003.714947,31.666,64.168,1116,1105.2876,,5.8022,3.475,35.0785,216.93,-9.99,0.029,,,-9.99,,,,,
10180002,2003.714947,31.666,64.168,1118,1107.2631,,5.7951,3.4746,35.0798,217.18,-9.99,0.025,,,-9.99,,,,,
10180002,2003.714947,31.666,64.168,1120,1109.2386,,5.7928,3.4744,35.0798,217.4,-9.99,0.016,,,-9.99,,,,,
10180002,2003.714947,31.666,64.168,1122,1111.2141,,5.7845,3.4737,35.0793,217.56,-9.99,0.022,,,-9.99,,,,,
10180002,2003.714947,31.666,64.168,1124,1113.1896,,5.7717,3.4726,35.0787,217.99,-9.99,0.027,,,-9.99,,,,,
10180002,2003.714947,31.666,64.168,1126,1115.165,,5.7587,3.4714,35.0777,218.37,-9.99,0.03,,,-9.99,,,,,
10180002,2003.714947,31.666,64.168,1128,1117.1405,,5.7394,3.4697,35.0772,218.65,-9.99,0.034,,,-9.99,,,,,
10180002,2003.714947,31.666,64.168,1130,1119.1159,,5.7222,3.468,35.0755,218.97,-9.99,0.036,,,-9.99,,,,,
10180002,2003.714947,31.666,64.168,1132,1121.0913,,5.7039,3.4663,35.0734,219.27,-9.99,0.04,,,-9.99,,,,,
10180002,2003.714947,31.666,64.168,1134,1123.0667,,5.668,3.4627,35.0691,219.72,-9.99,0.032,,,-9.99,,,,,
10180002,2003.714947,31.666,64.168,1136,1125.0421,,5.6352,3.4596,35.0666,220.06,-9.99,0.015,,,-9.99,,,,,
10180002,2003.714947,31.666,64.168,1138,1127.0174,,5.6258,3.4587,35.0658,220.32,-9.99,0.018,,,-9.99,,,,,
10180002,2003.714947,31.666,64.168,1140,1128.9927,,5.5979,3.456,35.0627,221.05,-9.99,0.023,,,-9.99,,,,,
10180002,2003.714947,31.666,64.168,1142,1130.968,,5.5379,3.45,35.0561,221.6,-9.99,0.022,,,-9.99,,,,,
10180002,2003.714947,31.666,64.168,1144,1132.9433,,5.5118,3.4475,35.0538,222.66,-9.99,0.021,,,-9.99,,,,,
10180002,2003.714947,31.666,64.168,1146,1134.9186,,5.4877,3.4453,35.0521,223.2,-9.99,0.024,,,-9.99,,,,,
10180002,2003.714947,31.666,64.168,1148,1136.8939,,5.4668,3.4434,35.0513,223.58,-9.99,0.026,,,-9.99,,,,,
10180002,2003.714947,31.666,64.168,1150,1138.8691,,5.4625,3.4435,35.0561,223.83,-9.99,0.027,,,-9.99,,,,,
10180002,2003.714947,31.666,64.168,1152,1140.8443,,5.47,3.4447,35.0609,224.03,-9.99,0.031,,,-9.99,,,,,
10180002,2003.714947,31.666,64.168,1154,1142.8195,,5.4677,3.4446,35.0609,224.08,-9.99,0.03,,,-9.99,,,,,
10180002,2003.714947,31.666,64.168,1156,1144.7947,,5.4629,3.4442,35.0605,224.17,-9.99,0.038,,,-9.99,,,,,
10180002,2003.714947,31.666,64.168,1158,1146.7698,,5.4575,3.4437,35.0596,224.51,-9.99,0.025,,,-9.99,,,,,
10180002,2003.714947,31.666,64.168,1160,1148.745,,5.4422,3.4423,35.0581,224.85,-9.99,0.023,,,-9.99,,,,,
10180002,2003.714947,31.666,64.168,1162,1150.7201,,5.4312,3.4413,35.0576,225.24,-9.99,0.028,,,-9.99,,,,,
10180002,2003.714947,31.666,64.168,1164,1152.6952,,5.4181,3.4401,35.056,225.7,-9.99,0.031,,,-9.99,,,,,
10180002,2003.714947,31.666,64.168,1166,1154.6703,,5.402,3.4385,35.0541,225.94,-9.99,0.031,,,-9.99,,,,,
10180002,2003.714947,31.666,64.168,1168,1156.6454,,5.3813,3.4365,35.0517,226.13,-9.99,0.029,,,-9.99,,,,,
10180002,2003.714947,31.666,64.168,1170,1158.6204,,5.3603,3.4345,35.05,226.48,-9.99,0.025,,,-9.99,,,,,
10180002,2003.714947,31.666,64.168,1172,1160.5954,,5.3475,3.4335,35.0506,226.84,-9.99,0.025,,,-9.99,,,,,
10180002,2003.714947,31.666,64.168,1174,1162.5705,,5.3391,3.4328,35.0501,227.13,-9.99,0.026,,,-9.99,,,,,
10180002,2003.714947,31.666,64.168,1176,1164.5454,,5.3257,3.4316,35.0489,227.45,-9.99,0.027,,,-9.99,,,,,
10180002,2003.714947,31.666,64.168,1178,1166.5204,,5.3075,3.4299,35.0484,227.75,-9.99,0.029,,,-9.99,,,,,
10180002,2003.714947,31.666,64.168,1180,1168.4954,,5.3086,3.4305,35.0525,227.94,-9.99,0.029,,,-9.99,,,,,
10180002,2003.714947,31.666,64.168,1182,1170.4703,,5.3285,3.433,35.0595,228.23,-9.99,0.021,,,-9.99,,,,,
10180002,2003.714947,31.666,64.168,1184,1172.4452,,5.3104,3.4312,35.0564,228.61,-9.99,0.016,,,-9.99,,,,,
10180002,2003.714947,31.666,64.168,1186,1174.4201,,5.2944,3.4298,35.057,228.87,-9.99,0.016,,,-9.99,,,,,
10180002,2003.714947,31.666,64.168,1188,1176.395,,5.3054,3.4314,35.0621,228.92,-9.99,0.018,,,-9.99,,,,,
10180002,2003.714947,31.666,64.168,1190,1178.3699,,5.3074,3.4318,35.0642,229.02,-9.99,0.031,,,-9.99,,,,,
10180002,2003.714947,31.666,64.168,1192,1180.3447,,5.3103,3.4324,35.0662,228.89,-9.99,0.025,,,-9.99,,,,,
10180002,2003.714947,31.666,64.168,1194,1182.3195,,5.3044,3.432,35.067,229.02,-9.99,0.021,,,-9.99,,,,,
10180002,2003.714947,31.666,64.168,1196,1184.2943,,5.2953,3.4312,35.0669,229.19,-9.99,0.02,,,-9.99,,,,,
10180002,2003.714947,31.666,64.168,1198,1186.2691,,5.2897,3.4308,35.0669,229.26,-9.99,0.022,,,-9.99,,,,,
10180002,2003.714947,31.666,64.168,1200,1188.2439,,5.2883,3.4307,35.0665,229.18,-9.99,0.025,,,-9.99,,,,,
10180002,2003.714947,31.666,64.168,1202,1190.2187,,5.2882,3.4309,35.0673,229.43,-9.99,0.026,,,-9.99,,,,,
10180002,2003.714947,31.666,64.168,1204,1192.1934,,5.2935,3.4317,35.0707,229.77,-9.99,0.026,,,-9.99,,,,,
10180002,2003.714947,31.666,64.168,1206,1194.1681,,5.3035,3.433,35.0735,229.94,-9.99,0.023,,,-9.99,,,,,
10180002,2003.714947,31.666,64.168,1208,1196.1428,,5.2936,3.4322,35.0734,230.26,-9.99,0.025,,,-9.99,,,,,
10180002,2003.714947,31.666,64.168,1210,1198.1175,,5.2893,3.4319,35.0738,230.51,-9.99,0.023,,,-9.99,,,,,
10180002,2003.714947,31.666,64.168,1212,1200.0921,,5.282,3.4312,35.0732,230.69,-9.99,0.02,,,-9.99,,,,,
10180002,2003.714947,31.666,64.168,1214,1202.0668,,5.2757,3.4307,35.0727,230.84,-9.99,0.018,,,-9.99,,,,,
10180002,2003.714947,31.666,64.168,1216,1204.0414,,5.2681,3.4301,35.0723,231.17,-9.99,0.019,,,-9.99,,,,,
10180002,2003.714947,31.666,64.168,1218,1206.016,,5.2548,3.4288,35.0711,231.8,-9.99,0.021,,,-9.99,,,,,
10180002,2003.714947,31.666,64.168,1220,1207.9906,,5.2392,3.4274,35.07,232.29,-9.99,0.028,,,-9.99,,,,,
10180002,2003.714947,31.666,64.168,1222,1209.9651,,5.2343,3.4271,35.0699,232.49,-9.99,0.033,,,-9.99,,,,,
10180002,2003.714947,31.666,64.168,1224,1211.9397,,5.2329,3.427,35.0697,232.99,-9.99,0.025,,,-9.99,,,,,
10180002,2003.714947,31.666,64.168,1226,1213.9142,,5.2225,3.426,35.0685,233.43,-9.99,0.03,,,-9.99,,,,,
10180002,2003.714947,31.666,64.168,1228,1215.8887,,5.2179,3.4257,35.0689,233.64,-9.99,0.025,,,-9.99,,,,,
10180002,2003.714947,31.666,64.168,1230,1217.8632,,5.2167,3.4257,35.0691,233.81,-9.99,0.02,,,-9.99,,,,,
10180002,2003.714947,31.666,64.168,1232,1219.8377,,5.2174,3.4259,35.0692,233.85,-9.99,0.025,,,-9.99,,,,,
10180002,2003.714947,31.666,64.168,1234,1221.8121,,5.2161,3.4258,35.0692,233.91,-9.99,0.036,,,-9.99,,,,,
10180002,2003.714947,31.666,64.168,1236,1223.7866,,5.2107,3.4254,35.0687,234.01,-9.99,0.028,,,-9.99,,,,,
10180002,2003.714947,31.666,64.168,1238,1225.761,,5.2034,3.4248,35.0681,234.42,-9.99,0.021,,,-9.99,,,,,
10180002,2003.714947,31.666,64.168,1240,1227.7354,,5.1971,3.4243,35.0684,234.46,-9.99,0.022,,,-9.99,,,,,
10180002,2003.714947,31.666,64.168,1242,1229.7098,,5.1954,3.4243,35.0686,234.46,-9.99,0.022,,,-9.99,,,,,
10180002,2003.714947,31.666,64.168,1244,1231.6841,,5.1941,3.4242,35.0685,234.6,-9.99,0.025,,,-9.99,,,,,
10180002,2003.714947,31.666,64.168,1246,1233.6585,,5.1862,3.4235,35.0677,234.91,-9.99,0.029,,,-9.99,,,,,
10180002,2003.714947,31.666,64.168,1248,1235.6328,,5.173,3.4223,35.067,235.19,-9.99,0.026,,,-9.99,,,,,
10180002,2003.714947,31.666,64.168,1250,1237.6071,,5.1654,3.4217,35.0666,235.53,-9.99,0.024,,,-9.99,,,,,
10180002,2003.714947,31.666,64.168,1252,1239.5814,,5.1602,3.4213,35.0668,235.84,-9.99,0.023,,,-9.99,,,,,
10180002,2003.714947,31.666,64.168,1254,1241.5557,,5.153,3.4207,35.0659,235.98,-9.99,0.027,,,-9.99,,,,,
10180002,2003.714947,31.666,64.168,1256,1243.5299,,5.1427,3.4197,35.0647,236.12,-9.99,0.027,,,-9.99,,,,,
10180002,2003.714947,31.666,64.168,1258,1245.5041,,5.1362,3.4192,35.0641,236.23,-9.99,0.027,,,-9.99,,,,,
10180002,2003.714947,31.666,64.168,1260,1247.4784,,5.1281,3.4184,35.0626,236.36,-9.99,0.031,,,-9.99,,,,,
10180002,2003.714947,31.666,64.168,1262,1249.4525,,5.1066,3.4164,35.0607,236.58,-9.99,0.025,,,-9.99,,,,,
10180002,2003.714947,31.666,64.168,1264,1251.4267,,5.1075,3.4166,35.0613,236.84,-9.99,0.031,,,-9.99,,,,,
10180002,2003.714947,31.666,64.168,1266,1253.4009,,5.0889,3.4148,35.0598,237.19,-9.99,0.027,,,-9.99,,,,,
10180002,2003.714947,31.666,64.168,1268,1255.375,,5.0717,3.4131,35.0566,237.29,-9.99,0.025,,,-9.99,,,,,
10180002,2003.714947,31.666,64.168,1270,1257.3491,,5.0519,3.4112,35.0547,237.52,-9.99,0.021,,,-9.99,,,,,
10180002,2003.714947,31.666,64.168,1272,1259.3232,,5.0402,3.4101,35.0529,237.91,-9.99,0.018,,,-9.99,,,,,
10180002,2003.714947,31.666,64.168,1274,1261.2973,,4.9961,3.4058,35.049,238.47,-9.99,0.019,,,-9.99,,,,,
10180002,2003.714947,31.666,64.168,1276,1263.2714,,4.9719,3.4035,35.0467,238.82,-9.99,0.026,,,-9.99,,,,,
10180002,2003.714947,31.666,64.168,1278,1265.2454,,4.9605,3.4025,35.0459,239.09,-9.99,0.03,,,-9.99,,,,,
10180002,2003.714947,31.666,64.168,1280,1267.2195,,4.9514,3.4017,35.0453,239.34,-9.99,0.035,,,-9.99,,,,,
10180002,2003.714947,31.666,64.168,1282,1269.1935,,4.9461,3.4013,35.0456,239.59,-9.99,0.037,,,-9.99,,,,,
10180002,2003.714947,31.666,64.168,1284,1271.1675,,4.9398,3.4009,35.0456,239.93,-9.99,0.032,,,-9.99,,,,,
10180002,2003.714947,31.666,64.168,1286,1273.1414,,4.9286,3.3998,35.0441,240.28,-9.99,0.016,,,-9.99,,,,,
10180002,2003.714947,31.666,64.168,1288,1275.1154,,4.9072,3.3977,35.041,240.48,-9.99,0.011,,,-9.99,,,,,
10180002,2003.714947,31.666,64.168,1290,1277.0893,,4.8838,3.3954,35.038,240.86,-9.99,0.023,,,-9.99,,,,,
10180002,2003.714947,31.666,64.168,1292,1279.0632,,4.8727,3.3944,35.0374,241.23,-9.99,0.02,,,-9.99,,,,,
10180002,2003.714947,31.666,64.168,1294,1281.0371,,4.8672,3.394,35.0374,241.46,-9.99,0.015,,,-9.99,,,,,
10180002,2003.714947,31.666,64.168,1296,1283.011,,4.8632,3.3937,35.0375,241.6,-9.99,0.024,,,-9.99,,,,,
10180002,2003.714947,31.666,64.168,1298,1284.9849,,4.8636,3.394,35.0388,241.65,-9.99,0.024,,,-9.99,,,,,
10180002,2003.714947,31.666,64.168,1300,1286.9587,,4.8709,3.3949,35.0414,241.64,-9.99,0.029,,,-9.99,,,,,
10180002,2003.714947,31.666,64.168,1302,1288.9325,,4.8698,3.395,35.0422,241.7,-9.99,0.034,,,-9.99,,,,,
10180002,2003.714947,31.666,64.168,1304,1290.9063,,4.8691,3.3951,35.043,241.76,-9.99,0.029,,,-9.99,,,,,
10180002,2003.714947,31.666,64.168,1306,1292.8801,,4.8662,3.3949,35.0428,241.84,-9.99,0.025,,,-9.99,,,,,
10180002,2003.714947,31.666,64.168,1308,1294.8539,,4.8587,3.3943,35.0424,242.09,-9.99,0.03,,,-9.99,,,,,
10180002,2003.714947,31.666,64.168,1310,1296.8276,,4.8409,3.3924,35.0391,242.47,-9.99,0.033,,,-9.99,,,,,
10180002,2003.714947,31.666,64.168,1312,1298.8014,,4.8189,3.3903,35.0368,242.76,-9.99,0.03,,,-9.99,,,,,
10180002,2003.714947,31.666,64.168,1314,1300.7751,,4.8052,3.3891,35.0356,242.93,-9.99,0.029,,,-9.99,,,,,
10180002,2003.714947,31.666,64.168,1316,1302.7488,,4.804,3.3891,35.0355,243.08,-9.99,0.031,,,-9.99,,,,,
10180002,2003.714947,31.666,64.168,1318,1304.7224,,4.7985,3.3886,35.0353,243.29,-9.99,0.03,,,-9.99,,,,,
10180002,2003.714947,31.666,64.168,1320,1306.6961,,4.7932,3.3883,35.0356,243.38,-9.99,0.028,,,-9.99,,,,,
10180002,2003.714947,31.666,64.168,1322,1308.6697,,4.7947,3.3886,35.037,243.42,-9.99,0.027,,,-9.99,,,,,
10180002,2003.714947,31.666,64.168,1324,1310.6434,,4.8005,3.3894,35.0394,243.42,-9.99,0.023,,,-9.99,,,,,
10180002,2003.714947,31.666,64.168,1326,1312.617,,4.8036,3.3899,35.0404,243.43,-9.99,0.022,,,-9.99,,,,,
10180002,2003.714947,31.666,64.168,1328,1314.5905,,4.8009,3.3897,35.0402,243.44,-9.99,0.023,,,-9.99,,,,,
10180002,2003.714947,31.666,64.168,1330,1316.5641,,4.7921,3.3889,35.0397,243.66,-9.99,0.024,,,-9.99,,,,,
10180002,2003.714947,31.666,64.168,1332,1318.5376,,4.7825,3.3881,35.0388,243.9,-9.99,0.026,,,-9.99,,,,,
10180002,2003.714947,31.666,64.168,1334,1320.5112,,4.7741,3.3873,35.0381,244.09,-9.99,0.023,,,-9.99,,,,,
10180002,2003.714947,31.666,64.168,1336,1322.4847,,4.7619,3.3862,35.0367,244.25,-9.99,0.023,,,-9.99,,,,,
10180002,2003.714947,31.666,64.168,1338,1324.4582,,4.7481,3.3849,35.0355,244.43,-9.99,0.028,,,-9.99,,,,,
10180002,2003.714947,31.666,64.168,1340,1326.4316,,4.7478,3.385,35.0357,244.57,-9.99,0.031,,,-9.99,,,,,
10180002,2003.714947,31.666,64.168,1342,1328.4051,,4.7395,3.3842,35.0344,244.78,-9.99,0.034,,,-9.99,,,,,
10180002,2003.714947,31.666,64.168,1344,1330.3785,,4.7311,3.3835,35.0334,244.99,-9.99,0.032,,,-9.99,,,,,
10180002,2003.714947,31.666,64.168,1346,1332.3519,,4.7192,3.3823,35.0317,245.24,-9.99,0.028,,,-9.99,,,,,
10180002,2003.714947,31.666,64.168,1348,1334.3253,,4.7053,3.3811,35.031,245.42,-9.99,0.028,,,-9.99,,,,,
10180002,2003.714947,31.666,64.168,1350,1336.2987,,4.6985,3.3806,35.0308,245.53,-9.99,0.024,,,-9.99,,,,,
10180002,2003.714947,31.666,64.168,1352,1338.2721,,4.7002,3.3809,35.0317,245.59,-9.99,0.029,,,-9.99,,,,,
10180002,2003.714947,31.666,64.168,1354,1340.2454,,4.6987,3.3808,35.0319,245.64,-9.99,0.03,,,-9.99,,,,,
10180002,2003.714947,31.666,64.168,1356,1342.2187,,4.6964,3.3808,35.0328,245.71,-9.99,0.027,,,-9.99,,,,,
10180002,2003.714947,31.666,64.168,1358,1344.192,,4.6989,3.3812,35.0344,245.74,-9.99,0.019,,,-9.99,,,,,
10180002,2003.714947,31.666,64.168,1360,1346.1653,,4.6964,3.3811,35.0345,245.82,-9.99,0.018,,,-9.99,,,,,
10180002,2003.714947,31.666,64.168,1362,1348.1386,,4.6949,3.381,35.0344,245.89,-9.99,0.021,,,-9.99,,,,,
10180002,2003.714947,31.666,64.168,1364,1350.1118,,4.6932,3.3809,35.0341,245.95,-9.99,0.025,,,-9.99,,,,,
10180002,2003.714947,31.666,64.168,1366,1352.0851,,4.6889,3.3806,35.0333,246.04,-9.99,0.023,,,-9.99,,,,,
10180002,2003.714947,31.666,64.168,1368,1354.0583,,4.6798,3.3797,35.0319,246.19,-9.99,0.024,,,-9.99,,,,,
10180002,2003.714947,31.666,64.168,1370,1356.0315,,4.6714,3.379,35.0315,246.32,-9.99,0.022,,,-9.99,,,,,
10180002,2003.714947,31.666,64.168,1372,1358.0047,,4.6656,3.3785,35.031,246.56,-9.99,0.027,,,-9.99,,,,,
10180002,2003.714947,31.666,64.168,1374,1359.9778,,4.6577,3.3779,35.0306,246.84,-9.99,0.034,,,-9.99,,,,,
10180002,2003.714947,31.666,64.168,1376,1361.951,,4.6528,3.3775,35.0306,246.85,-9.99,0.037,,,-9.99,,,,,
10180002,2003.714947,31.666,64.168,1378,1363.9241,,4.6492,3.3773,35.0305,246.92,-9.99,0.039,,,-9.99,,,,,
10180002,2003.714947,31.666,64.168,1380,1365.8972,,4.6496,3.3774,35.0306,246.97,-9.99,0.035,,,-9.99,,,,,
10180002,2003.714947,31.666,64.168,1382,1367.8703,,4.643,3.3769,35.0305,247.07,-9.99,0.034,,,-9.99,,,,,
10180002,2003.714947,31.666,64.168,1384,1369.8433,,4.6385,3.3765,35.0303,247.26,-9.99,0.03,,,-9.99,,,,,
10180002,2003.714947,31.666,64.168,1386,1371.8164,,4.6339,3.3762,35.0299,247.47,-9.99,0.032,,,-9.99,,,,,
10180002,2003.714947,31.666,64.168,1388,1373.7894,,4.6284,3.3757,35.0296,247.46,-9.99,0.031,,,-9.99,,,,,
10180002,2003.714947,31.666,64.168,1390,1375.7624,,4.6257,3.3756,35.0295,247.46,-9.99,0.037,,,-9.99,,,,,
10180002,2003.714947,31.666,64.168,1392,1377.7354,,4.6194,3.375,35.0289,247.49,-9.99,0.029,,,-9.99,,,,,
10180002,2003.714947,31.666,64.168,1394,1379.7084,,4.6131,3.3745,35.0286,247.52,-9.99,0.024,,,-9.99,,,,,
10180002,2003.714947,31.666,64.168,1396,1381.6813,,4.6103,3.3743,35.0286,247.57,-9.99,0.026,,,-9.99,,,,,
10180002,2003.714947,31.666,64.168,1398,1383.6543,,4.6031,3.3737,35.0279,247.69,-9.99,0.03,,,-9.99,,,,,
10180002,2003.714947,31.666,64.168,1400,1385.6272,,4.6012,3.3736,35.0276,247.77,-9.99,0.023,,,-9.99,,,,,
10180002,2003.714947,31.666,64.168,1402,1387.6001,,4.594,3.373,35.0269,247.89,-9.99,0.017,,,-9.99,,,,,
10180002,2003.714947,31.666,64.168,1404,1389.5729,,4.5844,3.3722,35.0265,248.02,-9.99,0.028,,,-9.99,,,,,
10180002,2003.714947,31.666,64.168,1406,1391.5458,,4.5745,3.3712,35.0253,248.17,-9.99,0.027,,,-9.99,,,,,
10180002,2003.714947,31.666,64.168,1408,1393.5186,,4.5615,3.3701,35.0245,248.33,-9.99,0.027,,,-9.99,,,,,
10180002,2003.714947,31.666,64.168,1410,1395.4915,,4.5538,3.3695,35.0246,248.45,-9.99,0.027,,,-9.99,,,,,
10180002,2003.714947,31.666,64.168,1412,1397.4643,,4.5549,3.3697,35.025,248.47,-9.99,0.029,,,-9.99,,,,,
10180002,2003.714947,31.666,64.168,1414,1399.4371,,4.5514,3.3694,35.0247,248.55,-9.99,0.031,,,-9.99,,,,,
10180002,2003.714947,31.666,64.168,1416,1401.4098,,4.543,3.3687,35.0237,248.77,-9.99,0.026,,,-9.99,,,,,
10180002,2003.714947,31.666,64.168,1418,1403.3826,,4.5381,3.3683,35.0233,248.99,-9.99,0.03,,,-9.99,,,,,
10180002,2003.714947,31.666,64.168,1420,1405.3553,,4.5263,3.3672,35.0214,249.16,-9.99,0.027,,,-9.99,,,,,
10180002,2003.714947,31.666,64.168,1422,1407.328,,4.5176,3.3664,35.0203,249.29,-9.99,0.027,,,-9.99,,,,,
10180002,2003.714947,31.666,64.168,1424,1409.3007,,4.5065,3.3653,35.0186,249.44,-9.99,0.028,,,-9.99,,,,,
10180002,2003.714947,31.666,64.168,1426,1411.2734,,4.4922,3.364,35.017,249.73,-9.99,0.026,,,-9.99,,,,,
10180002,2003.714947,31.666,64.168,1428,1413.2461,,4.4891,3.3638,35.0169,249.91,-9.99,0.02,,,-9.99,,,,,
10180002,2003.714947,31.666,64.168,1430,1415.2187,,4.4867,3.3636,35.0167,249.98,-9.99,0.026,,,-9.99,,,,,
10180002,2003.714947,31.666,64.168,1432,1417.1913,,4.483,3.3633,35.0163,250.07,-9.99,0.029,,,-9.99,,,,,
10180002,2003.714947,31.666,64.168,1434,1419.1639,,4.4789,3.363,35.016,250.16,-9.99,0.032,,,-9.99,,,,,
10180002,2003.714947,31.666,64.168,1436,1421.1365,,4.4744,3.3627,35.0156,250.26,-9.99,0.027,,,-9.99,,,,,
10180002,2003.714947,31.666,64.168,1438,1423.1091,,4.4688,3.3622,35.0151,250.37,-9.99,0.02,,,-9.99,,,,,
10180002,2003.714947,31.666,64.168,1440,1425.0816,,4.4618,3.3616,35.0144,250.52,-9.99,0.029,,,-9.99,,,,,
10180002,2003.714947,31.666,64.168,1442,1427.0541,,4.4564,3.3612,35.0141,250.65,-9.99,0.031,,,-9.99,,,,,
10180002,2003.714947,31.666,64.168,1444,1429.0267,,4.4529,3.3609,35.0138,250.7,-9.99,0.03,,,-9.99,,,,,
10180002,2003.714947,31.666,64.168,1446,1430.9991,,4.4484,3.3605,35.0133,250.78,-9.99,0.032,,,-9.99,,,,,
10180002,2003.714947,31.666,64.168,1448,1432.9716,,4.4406,3.3599,35.0126,250.99,-9.99,0.032,,,-9.99,,,,,
10180002,2003.714947,31.666,64.168,1450,1434.9441,,4.4365,3.3595,35.0122,251.18,-9.99,0.032,,,-9.99,,,,,
10180002,2003.714947,31.666,64.168,1452,1436.9165,,4.432,3.3592,35.0116,251.27,-9.99,0.035,,,-9.99,,,,,
10180002,2003.714947,31.666,64.168,1454,1438.8889,,4.4266,3.3587,35.0111,251.38,-9.99,0.03,,,-9.99,,,,,
10180002,2003.714947,31.666,64.168,1456,1440.8613,,4.4226,3.3584,35.0107,251.48,-9.99,0.022,,,-9.99,,,,,
10180002,2003.714947,31.666,64.168,1458,1442.8337,,4.4191,3.3582,35.0106,251.45,-9.99,0.02,,,-9.99,,,,,
10180002,2003.714947,31.666,64.168,1460,1444.8061,,4.4182,3.3582,35.0106,251.44,-9.99,0.024,,,-9.99,,,,,
10180002,2003.714947,31.666,64.168,1462,1446.7784,,4.4177,3.3582,35.0107,251.5,-9.99,0.02,,,-9.99,,,,,
10180002,2003.714947,31.666,64.168,1464,1448.7507,,4.4144,3.358,35.0106,251.57,-9.99,0.022,,,-9.99,,,,,
10180002,2003.714947,31.666,64.168,1466,1450.723,,4.412,3.3579,35.0108,251.51,-9.99,0.027,,,-9.99,,,,,
10180002,2003.714947,31.666,64.168,1468,1452.6953,,4.4103,3.3578,35.0107,251.54,-9.99,0.029,,,-9.99,,,,,
10180002,2003.714947,31.666,64.168,1470,1454.6676,,4.4076,3.3576,35.0104,251.62,-9.99,0.031,,,-9.99,,,,,
10180002,2003.714947,31.666,64.168,1472,1456.6399,,4.402,3.3571,35.0097,251.73,-9.99,0.029,,,-9.99,,,,,
10180002,2003.714947,31.666,64.168,1474,1458.6121,,4.3978,3.3568,35.0095,251.74,-9.99,0.027,,,-9.99,,,,,
10180002,2003.714947,31.666,64.168,1476,1460.5843,,4.3941,3.3565,35.0091,251.75,-9.99,0.027,,,-9.99,,,,,
10180002,2003.714947,31.666,64.168,1478,1462.5565,,4.3829,3.3555,35.0081,251.9,-9.99,0.024,,,-9.99,,,,,
10180002,2003.714947,31.666,64.168,1480,1464.5287,,4.3762,3.355,35.0075,252.01,-9.99,0.021,,,-9.99,,,,,
10180002,2003.714947,31.666,64.168,1482,1466.5008,,4.3673,3.3542,35.0069,252.18,-9.99,0.024,,,-9.99,,,,,
10180002,2003.714947,31.666,64.168,1484,1468.473,,4.3593,3.3535,35.0068,252.31,-9.99,0.035,,,-9.99,,,,,
10180002,2003.714947,31.666,64.168,1486,1470.4451,,4.3578,3.3535,35.0067,252.42,-9.99,0.033,,,-9.99,,,,,
10180002,2003.714947,31.666,64.168,1488,1472.4172,,4.3563,3.3535,35.007,252.52,-9.99,0.033,,,-9.99,,,,,
10180002,2003.714947,31.666,64.168,1490,1474.3893,,4.3513,3.353,35.0064,252.52,-9.99,0.03,,,-9.99,,,,,
10180002,2003.714947,31.666,64.168,1492,1476.3614,,4.3491,3.3529,35.0065,252.74,-9.99,0.028,,,-9.99,,,,,
10180002,2003.714947,31.666,64.168,1494,1478.3334,,4.347,3.3528,35.0065,252.82,-9.99,0.029,,,-9.99,,,,,
10180002,2003.714947,31.666,64.168,1496,1480.3054,,4.344,3.3526,35.0061,252.78,-9.99,0.031,,,-9.99,,,,,
10180002,2003.714947,31.666,64.168,1498,1482.2775,,4.3412,3.3524,35.006,252.83,-9.99,0.031,,,-9.99,,,,,
10180002,2003.714947,31.666,64.168,1500,1484.2494,,4.3351,3.3519,35.0048,252.96,-9.99,0.023,,,-9.99,,,,,
10180002,2003.714947,31.666,64.168,1502,1486.2214,,4.3253,3.351,35.0037,253.1,-9.99,0.025,,,-9.99,,,,,
10180002,2003.714947,31.666,64.168,1504,1488.1934,,4.3201,3.3506,35.0035,253.21,-9.99,0.031,,,-9.99,,,,,
10180002,2003.714947,31.666,64.168,1506,1490.1653,,4.3251,3.3512,35.0045,253.21,-9.99,0.034,,,-9.99,,,,,
10180002,2003.714947,31.666,64.168,1508,1492.1372,,4.3256,3.3513,35.0048,253.27,-9.99,0.038,,,-9.99,,,,,
10180002,2003.714947,31.666,64.168,1510,1494.1091,,4.3211,3.3509,35.0037,253.38,-9.99,0.039,,,-9.99,,,,,
10180002,2003.714947,31.666,64.168,1512,1496.081,,4.3121,3.3501,35.0022,253.53,-9.99,0.036,,,-9.99,,,,,
10180002,2003.714947,31.666,64.168,1514,1498.0529,,4.3047,3.3495,35.0019,253.63,-9.99,0.031,,,-9.99,,,,,
10180002,2003.714947,31.666,64.168,1516,1500.0247,,4.3024,3.3493,35.0016,253.71,-9.99,0.031,,,-9.99,,,,,
10180002,2003.714947,31.666,64.168,1518,1501.9966,,4.2994,3.3491,35.0016,253.8,-9.99,0.028,,,-9.99,,,,,
10180002,2003.714947,31.666,64.168,1520,1503.9684,,4.2966,3.3489,35.0014,253.87,-9.99,0.03,,,-9.99,,,,,
10180002,2003.714947,31.666,64.168,1522,1505.9402,,4.2947,3.3488,35.0012,253.94,-9.99,0.035,,,-9.99,,,,,
10180002,2003.714947,31.666,64.168,1524,1507.9119,,4.2955,3.3491,35.002,253.85,-9.99,0.03,,,-9.99,,,,,
10180002,2003.714947,31.666,64.168,1526,1509.8837,,4.2956,3.3492,35.0021,253.87,-9.99,0.025,,,-9.99,,,,,
10180002,2003.714947,31.666,64.168,1528,1511.8554,,4.2889,3.3486,35.0013,254,-9.99,0.025,,,-9.99,,,,,
10180002,2003.714947,31.666,64.168,1530,1513.8271,,4.2804,3.3479,35.0008,254.13,-9.99,0.031,,,-9.99,,,,,
10180002,2003.714947,31.666,64.168,1532,1515.7988,,4.2764,3.3476,35.0009,254.09,-9.99,0.026,,,-9.99,,,,,
10180002,2003.714947,31.666,64.168,1534,1517.7705,,4.2749,3.3475,35.0007,254.24,-9.99,0.026,,,-9.99,,,,,
10180002,2003.714947,31.666,64.168,1536,1519.7422,,4.27,3.3471,35.0003,254.39,-9.99,0.026,,,-9.99,,,,,
10180002,2003.714947,31.666,64.168,1538,1521.7138,,4.2649,3.3467,34.9997,254.43,-9.99,0.029,,,-9.99,,,,,
10180002,2003.714947,31.666,64.168,1540,1523.6855,,4.2589,3.3462,34.9992,254.47,-9.99,0.027,,,-9.99,,,,,
10180002,2003.714947,31.666,64.168,1542,1525.6571,,4.2481,3.3452,34.9978,254.66,-9.99,0.021,,,-9.99,,,,,
10180002,2003.714947,31.666,64.168,1544,1527.6287,,4.2411,3.3447,34.9978,254.71,-9.99,0.024,,,-9.99,,,,,
10180002,2003.714947,31.666,64.168,1546,1529.6002,,4.2397,3.3446,34.998,254.78,-9.99,0.026,,,-9.99,,,,,
10180002,2003.714947,31.666,64.168,1548,1531.5718,,4.2389,3.3446,34.9979,254.84,-9.99,0.024,,,-9.99,,,,,
10180002,2003.714947,31.666,64.168,1550,1533.5433,,4.2338,3.3442,34.9971,254.95,-9.99,0.029,,,-9.99,,,,,
10180002,2003.714947,31.666,64.168,1552,1535.5148,,4.2248,3.3434,34.9963,255.09,-9.99,0.033,,,-9.99,,,,,
10180002,2003.714947,31.666,64.168,1554,1537.4863,,4.221,3.3431,34.996,255.17,-9.99,0.027,,,-9.99,,,,,
10180002,2003.714947,31.666,64.168,1556,1539.4578,,4.2154,3.3427,34.9955,255.3,-9.99,0.02,,,-9.99,,,,,
10180002,2003.714947,31.666,64.168,1558,1541.4293,,4.2116,3.3424,34.9953,255.42,-9.99,0.024,,,-9.99,,,,,
10180002,2003.714947,31.666,64.168,1560,1543.4007,,4.2076,3.3421,34.9951,255.52,-9.99,0.019,,,-9.99,,,,,
10180002,2003.714947,31.666,64.168,1562,1545.3721,,4.2051,3.3419,34.9947,255.55,-9.99,0.022,,,-9.99,,,,,
10180002,2003.714947,31.666,64.168,1564,1547.3435,,4.2028,3.3418,34.9945,255.64,-9.99,0.022,,,-9.99,,,,,
10180002,2003.714947,31.666,64.168,1566,1549.3149,,4.1989,3.3415,34.994,255.73,-9.99,0.022,,,-9.99,,,,,
10180002,2003.714947,31.666,64.168,1568,1551.2863,,4.1919,3.3408,34.9932,255.86,-9.99,0.022,,,-9.99,,,,,
10180002,2003.714947,31.666,64.168,1570,1553.2576,,4.1857,3.3403,34.9929,255.97,-9.99,0.023,,,-9.99,,,,,
10180002,2003.714947,31.666,64.168,1572,1555.229,,4.1827,3.3402,34.9929,256.06,-9.99,0.023,,,-9.99,,,,,
10180002,2003.714947,31.666,64.168,1574,1557.2003,,4.1822,3.3402,34.9928,256.09,-9.99,0.032,,,-9.99,,,,,
10180002,2003.714947,31.666,64.168,1576,1559.1716,,4.1771,3.3398,34.9924,256.13,-9.99,0.028,,,-9.99,,,,,
10180002,2003.714947,31.666,64.168,1578,1561.1428,,4.169,3.3391,34.9916,256.36,-9.99,0.024,,,-9.99,,,,,
10180002,2003.714947,31.666,64.168,1580,1563.1141,,4.1605,3.3383,34.9909,256.5,-9.99,0.026,,,-9.99,,,,,
10180002,2003.714947,31.666,64.168,1582,1565.0853,,4.1531,3.3377,34.9903,256.62,-9.99,0.028,,,-9.99,,,,,
10180002,2003.714947,31.666,64.168,1584,1567.0566,,4.1463,3.3371,34.99,256.73,-9.99,0.035,,,-9.99,,,,,
10180002,2003.714947,31.666,64.168,1586,1569.0278,,4.1427,3.3369,34.9895,256.64,-9.99,0.031,,,-9.99,,,,,
10180002,2003.714947,31.666,64.168,1588,1570.999,,4.1354,3.3362,34.989,256.86,-9.99,0.023,,,-9.99,,,,,
10180002,2003.714947,31.666,64.168,1590,1572.9701,,4.1307,3.3359,34.9886,257.05,-9.99,0.024,,,-9.99,,,,,
10180002,2003.714947,31.666,64.168,1592,1574.9413,,4.1276,3.3356,34.9882,257.15,-9.99,0.031,,,-9.99,,,,,
10180002,2003.714947,31.666,64.168,1594,1576.9124,,4.1214,3.3351,34.9875,257.26,-9.99,0.027,,,-9.99,,,,,
10180002,2003.714947,31.666,64.168,1596,1578.8835,,4.12,3.3351,34.9873,257.19,-9.99,0.025,,,-9.99,,,,,
10180002,2003.714947,31.666,64.168,1598,1580.8546,,4.116,3.3348,34.9873,257.25,-9.99,0.023,,,-9.99,,,,,
10180002,2003.714947,31.666,64.168,1600,1582.8257,,4.113,3.3346,34.9871,257.47,-9.99,0.024,,,-9.99,,,,,
10180002,2003.714947,31.666,64.168,1602,1584.7967,,4.1074,3.3341,34.9865,257.63,-9.99,0.02,,,-9.99,,,,,
10180002,2003.714947,31.666,64.168,1604,1586.7678,,4.1038,3.3338,34.9862,257.69,-9.99,0.024,,,-9.99,,,,,
10180002,2003.714947,31.666,64.168,1606,1588.7388,,4.1012,3.3337,34.986,257.63,-9.99,0.025,,,-9.99,,,,,
10180002,2003.714947,31.666,64.168,1608,1590.7098,,4.0986,3.3335,34.986,257.7,-9.99,0.026,,,-9.99,,,,,
10180002,2003.714947,31.666,64.168,1610,1592.6808,,4.096,3.3333,34.9857,257.78,-9.99,0.031,,,-9.99,,,,,
10180002,2003.714947,31.666,64.168,1612,1594.6517,,4.0927,3.3331,34.9856,257.84,-9.99,0.036,,,-9.99,,,,,
10180002,2003.714947,31.666,64.168,1614,1596.6227,,4.0896,3.3329,34.9851,257.87,-9.99,0.029,,,-9.99,,,,,
10180002,2003.714947,31.666,64.168,1616,1598.5936,,4.0863,3.3326,34.9845,257.9,-9.99,0.031,,,-9.99,,,,,
10180002,2003.714947,31.666,64.168,1618,1600.5645,,4.0814,3.3322,34.9842,257.95,-9.99,0.03,,,-9.99,,,,,
10180002,2003.714947,31.666,64.168,1620,1602.5354,,4.0757,3.3318,34.984,258.07,-9.99,0.026,,,-9.99,,,,,
10180002,2003.714947,31.666,64.168,1622,1604.5063,,4.0722,3.3316,34.9839,258.15,-9.99,0.031,,,-9.99,,,,,
10180002,2003.714947,31.666,64.168,1624,1606.4771,,4.0698,3.3314,34.9839,258.24,-9.99,0.034,,,-9.99,,,,,
10180002,2003.714947,31.666,64.168,1626,1608.448,,4.067,3.3312,34.9835,258.29,-9.99,0.025,,,-9.99,,,,,
10180002,2003.714947,31.666,64.168,1628,1610.4188,,4.0649,3.3311,34.9832,258.27,-9.99,0.025,,,-9.99,,,,,
10180002,2003.714947,31.666,64.168,1630,1612.3896,,4.0577,3.3305,34.9828,258.33,-9.99,0.028,,,-9.99,,,,,
10180002,2003.714947,31.666,64.168,1632,1614.3604,,4.0543,3.3302,34.9825,258.47,-9.99,0.026,,,-9.99,,,,,
10180002,2003.714947,31.666,64.168,1634,1616.3311,,4.0505,3.33,34.9821,258.61,-9.99,0.029,,,-9.99,,,,,
10180002,2003.714947,31.666,64.168,1636,1618.3019,,4.0467,3.3297,34.9818,258.66,-9.99,0.027,,,-9.99,,,,,
10180002,2003.714947,31.666,64.168,1638,1620.2726,,4.0441,3.3295,34.9816,258.69,-9.99,0.025,,,-9.99,,,,,
10180002,2003.714947,31.666,64.168,1640,1622.2433,,4.0425,3.3294,34.9815,258.74,-9.99,0.024,,,-9.99,,,,,
10180002,2003.714947,31.666,64.168,1642,1624.214,,4.0386,3.3291,34.9811,258.83,-9.99,0.023,,,-9.99,,,,,
10180002,2003.714947,31.666,64.168,1644,1626.1847,,4.0319,3.3286,34.9806,258.99,-9.99,0.025,,,-9.99,,,,,
10180002,2003.714947,31.666,64.168,1646,1628.1553,,4.0288,3.3284,34.9806,259.08,-9.99,0.021,,,-9.99,,,,,
10180002,2003.714947,31.666,64.168,1648,1630.126,,4.0254,3.3281,34.98,259.15,-9.99,0.019,,,-9.99,,,,,
10180002,2003.714947,31.666,64.168,1650,1632.0966,,4.0197,3.3276,34.979,259.15,-9.99,0.021,,,-9.99,,,,,
10180002,2003.714947,31.666,64.168,1652,1634.0672,,4.0132,3.3271,34.9788,259.22,-9.99,0.027,,,-9.99,,,,,
10180002,2003.714947,31.666,64.168,1654,1636.0377,,4.0104,3.3269,34.9788,259.31,-9.99,0.034,,,-9.99,,,,,
10180002,2003.714947,31.666,64.168,1656,1638.0083,,4.009,3.3268,34.9786,259.38,-9.99,0.031,,,-9.99,,,,,
10180002,2003.714947,31.666,64.168,1658,1639.9788,,4.0052,3.3266,34.9783,259.47,-9.99,0.028,,,-9.99,,,,,
10180002,2003.714947,31.666,64.168,1660,1641.9494,,4.0016,3.3263,34.9781,259.54,-9.99,0.023,,,-9.99,,,,,
10180002,2003.714947,31.666,64.168,1662,1643.9199,,4.0007,3.3263,34.9783,259.49,-9.99,0.017,,,-9.99,,,,,
10180002,2003.714947,31.666,64.168,1664,1645.8904,,3.9958,3.3259,34.9775,259.55,-9.99,0.017,,,-9.99,,,,,
10180002,2003.714947,31.666,64.168,1666,1647.8608,,3.9888,3.3253,34.9766,259.65,-9.99,0.021,,,-9.99,,,,,
10180002,2003.714947,31.666,64.168,1668,1649.8313,,3.9795,3.3245,34.9758,259.81,-9.99,0.032,,,-9.99,,,,,
10180002,2003.714947,31.666,64.168,1670,1651.8017,,3.9776,3.3244,34.9758,259.89,-9.99,0.029,,,-9.99,,,,,
10180002,2003.714947,31.666,64.168,1672,1653.7721,,3.9766,3.3244,34.9757,259.94,-9.99,0.023,,,-9.99,,,,,
10180002,2003.714947,31.666,64.168,1674,1655.7425,,3.9762,3.3244,34.9758,259.93,-9.99,0.021,,,-9.99,,,,,
10180002,2003.714947,31.666,64.168,1676,1657.7129,,3.9739,3.3243,34.9759,259.96,-9.99,0.02,,,-9.99,,,,,
10180002,2003.714947,31.666,64.168,1678,1659.6833,,3.9719,3.3242,34.976,259.99,-9.99,0.024,,,-9.99,,,,,
10180002,2003.714947,31.666,64.168,1680,1661.6536,,3.9681,3.3239,34.9756,260.09,-9.99,0.022,,,-9.99,,,,,
10180002,2003.714947,31.666,64.168,1682,1663.6239,,3.9629,3.3235,34.9754,260.19,-9.99,0.025,,,-9.99,,,,,
10180002,2003.714947,31.666,64.168,1684,1665.5942,,3.9615,3.3235,34.9752,260.27,-9.99,0.03,,,-9.99,,,,,
10180002,2003.714947,31.666,64.168,1686,1667.5645,,3.9568,3.3231,34.9749,260.37,-9.99,0.033,,,-9.99,,,,,
10180002,2003.714947,31.666,64.168,1688,1669.5348,,3.9561,3.3231,34.9748,260.44,-9.99,0.03,,,-9.99,,,,,
10180002,2003.714947,31.666,64.168,1690,1671.505,,3.9571,3.3234,34.9757,260.33,-9.99,0.03,,,-9.99,,,,,
10180002,2003.714947,31.666,64.168,1692,1673.4753,,3.9609,3.3239,34.9768,260.19,-9.99,0.029,,,-9.99,,,,,
10180002,2003.714947,31.666,64.168,1694,1675.4455,,3.9606,3.3239,34.977,260.19,-9.99,0.026,,,-9.99,,,,,
10180002,2003.714947,31.666,64.168,1696,1677.4157,,3.9569,3.3237,34.9766,260.24,-9.99,0.021,,,-9.99,,,,,
10180002,2003.714947,31.666,64.168,1698,1679.3858,,3.9537,3.3234,34.9765,260.22,-9.99,0.023,,,-9.99,,,,,
10180002,2003.714947,31.666,64.168,1700,1681.356,,3.9487,3.3231,34.9762,260.27,-9.99,0.022,,,-9.99,,,,,
10180002,2003.714947,31.666,64.168,1702,1683.3261,,3.9436,3.3227,34.9759,260.31,-9.99,0.02,,,-9.99,,,,,
10180002,2003.714947,31.666,64.168,1704,1685.2963,,3.94,3.3224,34.9756,260.33,-9.99,0.018,,,-9.99,,,,,
10180002,2003.714947,31.666,64.168,1706,1687.2664,,3.9365,3.3221,34.9751,260.4,-9.99,0.017,,,-9.99,,,,,
10180002,2003.714947,31.666,64.168,1708,1689.2365,,3.9324,3.3218,34.9745,260.5,-9.99,0.02,,,-9.99,,,,,
10180002,2003.714947,31.666,64.168,1710,1691.2065,,3.9274,3.3214,34.9738,260.6,-9.99,0.026,,,-9.99,,,,,
10180002,2003.714947,31.666,64.168,1712,1693.1766,,3.9184,3.3206,34.9728,260.77,-9.99,0.033,,,-9.99,,,,,
10180002,2003.714947,31.666,64.168,1714,1695.1466,,3.9184,3.3207,34.9734,260.81,-9.99,0.027,,,-9.99,,,,,
10180002,2003.714947,31.666,64.168,1716,1697.1166,,3.921,3.3211,34.9741,260.78,-9.99,0.022,,,-9.99,,,,,
10180002,2003.714947,31.666,64.168,1718,1699.0866,,3.9222,3.3213,34.9745,260.71,-9.99,0.019,,,-9.99,,,,,
10180002,2003.714947,31.666,64.168,1720,1701.0566,,3.9223,3.3214,34.9747,260.6,-9.99,0.022,,,-9.99,,,,,
10180002,2003.714947,31.666,64.168,1722,1703.0265,,3.9185,3.3211,34.9744,260.66,-9.99,0.03,,,-9.99,,,,,
10180002,2003.714947,31.666,64.168,1724,1704.9965,,3.9139,3.3207,34.974,260.75,-9.99,0.029,,,-9.99,,,,,
10180002,2003.714947,31.666,64.168,1726,1706.9664,,3.911,3.3205,34.9736,260.84,-9.99,0.022,,,-9.99,,,,,
10180002,2003.714947,31.666,64.168,1728,1708.9363,,3.9081,3.3203,34.9735,260.92,-9.99,0.017,,,-9.99,,,,,
10180002,2003.714947,31.666,64.168,1730,1710.9062,,3.9074,3.3204,34.9734,260.99,-9.99,0.026,,,-9.99,,,,,
10180002,2003.714947,31.666,64.168,1732,1712.876,,3.9011,3.3198,34.9727,261.08,-9.99,0.027,,,-9.99,,,,,
10180002,2003.714947,31.666,64.168,1734,1714.8459,,3.8957,3.3194,34.9721,261.08,-9.99,0.028,,,-9.99,,,,,
10180002,2003.714947,31.666,64.168,1736,1716.8157,,3.8868,3.3186,34.971,261.36,-9.99,0.025,,,-9.99,,,,,
10180002,2003.714947,31.666,64.168,1738,1718.7855,,3.8841,3.3184,34.9707,261.46,-9.99,0.016,,,-9.99,,,,,
10180002,2003.714947,31.666,64.168,1740,1720.7553,,3.8823,3.3183,34.9712,261.48,-9.99,0.017,,,-9.99,,,,,
10180002,2003.714947,31.666,64.168,1742,1722.7251,,3.8816,3.3184,34.9712,261.34,-9.99,0.018,,,-9.99,,,,,
10180002,2003.714947,31.666,64.168,1744,1724.6948,,3.8818,3.3185,34.9714,261.28,-9.99,0.014,,,-9.99,,,,,
10180002,2003.714947,31.666,64.168,1746,1726.6646,,3.8816,3.3185,34.9715,261.34,-9.99,0.013,,,-9.99,,,,,
10180002,2003.714947,31.666,64.168,1748,1728.6343,,3.8759,3.3181,34.971,261.45,-9.99,0.014,,,-9.99,,,,,
10180002,2003.714947,31.666,64.168,1750,1730.604,,3.8695,3.3175,34.9704,261.58,-9.99,0.014,,,-9.99,,,,,
10180002,2003.714947,31.666,64.168,1752,1732.5737,,3.8659,3.3173,34.9702,261.67,-9.99,0.021,,,-9.99,,,,,
10180002,2003.714947,31.666,64.168,1754,1734.5433,,3.8622,3.317,34.9697,261.66,-9.99,0.02,,,-9.99,,,,,
10180002,2003.714947,31.666,64.168,1756,1736.513,,3.8593,3.3168,34.9695,261.68,-9.99,0.022,,,-9.99,,,,,
10180002,2003.714947,31.666,64.168,1758,1738.4826,,3.8573,3.3167,34.9691,261.71,-9.99,0.025,,,-9.99,,,,,
10180002,2003.714947,31.666,64.168,1760,1740.4522,,3.8539,3.3164,34.9687,261.64,-9.99,0.028,,,-9.99,,,,,
10180002,2003.714947,31.666,64.168,1762,1742.4218,,3.8482,3.316,34.9684,261.74,-9.99,0.024,,,-9.99,,,,,
10180002,2003.714947,31.666,64.168,1764,1744.3914,,3.8426,3.3155,34.9681,261.85,-9.99,0.02,,,-9.99,,,,,
10180002,2003.714947,31.666,64.168,1766,1746.3609,,3.8383,3.3152,34.9678,261.96,-9.99,0.026,,,-9.99,,,,,
10180002,2003.714947,31.666,64.168,1768,1748.3305,,3.8345,3.3149,34.9671,262.05,-9.99,0.028,,,-9.99,,,,,
10180002,2003.714947,31.666,64.168,1770,1750.3,,3.8302,3.3146,34.967,262.15,-9.99,0.028,,,-9.99,,,,,
10180002,2003.714947,31.666,64.168,1772,1752.2695,,3.8301,3.3146,34.9671,262.21,-9.99,0.028,,,-9.99,,,,,
10180002,2003.714947,31.666,64.168,1774,1754.239,,3.8276,3.3145,34.967,262.3,-9.99,0.022,,,-9.99,,,,,
10180002,2003.714947,31.666,64.168,1776,1756.2084,,3.8254,3.3144,34.9669,262.38,-9.99,0.026,,,-9.99,,,,,
10180002,2003.714947,31.666,64.168,1778,1758.1779,,3.8245,3.3144,34.9671,262.45,-9.99,0.037,,,-9.99,,,,,
10180002,2003.714947,31.666,64.168,1780,1760.1473,,3.8239,3.3144,34.967,262.51,-9.99,0.034,,,-9.99,,,,,
10180002,2003.714947,31.666,64.168,1782,1762.1167,,3.8194,3.314,34.9665,262.49,-9.99,0.033,,,-9.99,,,,,
10180002,2003.714947,31.666,64.168,1784,1764.0861,,3.8166,3.3139,34.9664,262.42,-9.99,0.026,,,-9.99,,,,,
10180002,2003.714947,31.666,64.168,1786,1766.0555,,3.8164,3.3139,34.9666,262.37,-9.99,0.017,,,-9.99,,,,,
10180002,2003.714947,31.666,64.168,1788,1768.0248,,3.8151,3.3139,34.9665,262.45,-9.99,0.015,,,-9.99,,,,,
10180002,2003.714947,31.666,64.168,1790,1769.9942,,3.811,3.3136,34.966,262.56,-9.99,0.018,,,-9.99,,,,,
10180002,2003.714947,31.666,64.168,1792,1771.9635,,3.8092,3.3135,34.9659,262.59,-9.99,0.018,,,-9.99,,,,,
10180002,2003.714947,31.666,64.168,1794,1773.9328,,3.8082,3.3135,34.9659,262.6,-9.99,0.022,,,-9.99,,,,,
10180002,2003.714947,31.666,64.168,1796,1775.9021,,3.8076,3.3135,34.9659,262.75,-9.99,0.027,,,-9.99,,,,,
10180002,2003.714947,31.666,64.168,1798,1777.8713,,3.8052,3.3133,34.9656,262.8,-9.99,0.034,,,-9.99,,,,,
10180002,2003.714947,31.666,64.168,1800,1779.8406,,3.8009,3.313,34.9653,262.78,-9.99,0.033,,,-9.99,,,,,
10180002,2003.714947,31.666,64.168,1802,1781.8098,,3.7982,3.3128,34.9649,262.79,-9.99,0.017,,,-9.99,,,,,
10180002,2003.714947,31.666,64.168,1804,1783.779,,3.798,3.3129,34.9652,262.71,-9.99,0.029,,,-9.99,,,,,
10180002,2003.714947,31.666,64.168,1806,1785.7482,,3.7957,3.3128,34.9652,262.88,-9.99,0.025,,,-9.99,,,,,
10180002,2003.714947,31.666,64.168,1808,1787.7174,,3.7943,3.3127,34.9651,262.9,-9.99,0.031,,,-9.99,,,,,
10180002,2003.714947,31.666,64.168,1810,1789.6865,,3.7914,3.3125,34.9648,262.96,-9.99,0.03,,,-9.99,,,,,
10180002,2003.714947,31.666,64.168,1812,1791.6556,,3.79,3.3125,34.9646,263,-9.99,0.03,,,-9.99,,,,,
10180002,2003.714947,31.666,64.168,1814,1793.6248,,3.7891,3.3125,34.9645,262.92,-9.99,0.027,,,-9.99,,,,,
10180002,2003.714947,31.666,64.168,1816,1795.5939,,3.7863,3.3123,34.9644,262.82,-9.99,0.018,,,-9.99,,,,,
10180002,2003.714947,31.666,64.168,1818,1797.5629,,3.7833,3.3121,34.9643,262.88,-9.99,0.014,,,-9.99,,,,,
10180002,2003.714947,31.666,64.168,1820,1799.532,,3.7822,3.3121,34.9645,262.95,-9.99,0.023,,,-9.99,,,,,
10180002,2003.714947,31.666,64.168,1822,1801.501,,3.7813,3.3121,34.9644,263.02,-9.99,0.032,,,-9.99,,,,,
10180002,2003.714947,31.666,64.168,1824,1803.4701,,3.7801,3.3121,34.9644,263.07,-9.99,0.031,,,-9.99,,,,,
10180002,2003.714947,31.666,64.168,1826,1805.4391,,3.7788,3.312,34.9644,263,-9.99,0.029,,,-9.99,,,,,
10180002,2003.714947,31.666,64.168,1828,1807.4081,,3.7762,3.3119,34.9643,263.14,-9.99,0.027,,,-9.99,,,,,
10180002,2003.714947,31.666,64.168,1830,1809.377,,3.7732,3.3117,34.9643,263.18,-9.99,0.028,,,-9.99,,,,,
10180002,2003.714947,31.666,64.168,1832,1811.346,,3.7722,3.3117,34.9642,263.05,-9.99,0.021,,,-9.99,,,,,
10180002,2003.714947,31.666,64.168,1834,1813.3149,,3.7713,3.3117,34.9641,263.06,-9.99,0.024,,,-9.99,,,,,
10180002,2003.714947,31.666,64.168,1836,1815.2838,,3.7696,3.3116,34.964,263.02,-9.99,0.032,,,-9.99,,,,,
10180002,2003.714947,31.666,64.168,1838,1817.2527,,3.7668,3.3114,34.9641,263.04,-9.99,0.026,,,-9.99,,,,,
10180002,2003.714947,31.666,64.168,1840,1819.2216,,3.7657,3.3114,34.9639,263.02,-9.99,0.029,,,-9.99,,,,,
10180002,2003.714947,31.666,64.168,1842,1821.1905,,3.7649,3.3114,34.9639,263.02,-9.99,0.029,,,-9.99,,,,,
10180002,2003.714947,31.666,64.168,1844,1823.1593,,3.7635,3.3114,34.9639,263.06,-9.99,0.028,,,-9.99,,,,,
10180002,2003.714947,31.666,64.168,1846,1825.1281,,3.7611,3.3112,34.9638,263.15,-9.99,0.023,,,-9.99,,,,,
10180002,2003.714947,31.666,64.168,1848,1827.0969,,3.7595,3.3112,34.9639,263.13,-9.99,0.02,,,-9.99,,,,,
10180002,2003.714947,31.666,64.168,1850,1829.0657,,3.7589,3.3112,34.9638,263.22,-9.99,0.026,,,-9.99,,,,,
10180002,2003.714947,31.666,64.168,1852,1831.0345,,3.7582,3.3112,34.9635,263.13,-9.99,0.022,,,-9.99,,,,,
10180002,2003.714947,31.666,64.168,1854,1833.0033,,3.7567,3.3111,34.9635,263.11,-9.99,0.024,,,-9.99,,,,,
10180002,2003.714947,31.666,64.168,1856,1834.972,,3.7542,3.311,34.9635,263.13,-9.99,0.023,,,-9.99,,,,,
10180002,2003.714947,31.666,64.168,1858,1836.9407,,3.7527,3.3109,34.9635,263.21,-9.99,0.019,,,-9.99,,,,,
10180002,2003.714947,31.666,64.168,1860,1838.9094,,3.7512,3.3109,34.9633,263.28,-9.99,0.022,,,-9.99,,,,,
10180002,2003.714947,31.666,64.168,1862,1840.8781,,3.7496,3.3108,34.9633,263.29,-9.99,0.022,,,-9.99,,,,,
10180002,2003.714947,31.666,64.168,1864,1842.8467,,3.7492,3.3109,34.9634,263.23,-9.99,0.021,,,-9.99,,,,,
10180002,2003.714947,31.666,64.168,1866,1844.8154,,3.7483,3.3109,34.9635,263.12,-9.99,0.018,,,-9.99,,,,,
10180002,2003.714947,31.666,64.168,1868,1846.784,,3.7467,3.3108,34.9634,263.17,-9.99,0.018,,,-9.99,,,,,
10180002,2003.714947,31.666,64.168,1870,1848.7526,,3.746,3.3108,34.9636,263.21,-9.99,0.028,,,-9.99,,,,,
10180002,2003.714947,31.666,64.168,1872,1850.7212,,3.7452,3.3109,34.9638,263.16,-9.99,0.025,,,-9.99,,,,,
10180002,2003.714947,31.666,64.168,1874,1852.6898,,3.7442,3.3109,34.9639,263.12,-9.99,0.015,,,-9.99,,,,,
10180002,2003.714947,31.666,64.168,1876,1854.6583,,3.7435,3.3109,34.9638,263.09,-9.99,0.013,,,-9.99,,,,,
10180002,2003.714947,31.666,64.168,1878,1856.6269,,3.742,3.3108,34.9636,263.12,-9.99,0.025,,,-9.99,,,,,
10180002,2003.714947,31.666,64.168,1880,1858.5954,,3.74,3.3107,34.9637,263,-9.99,0.028,,,-9.99,,,,,
10180002,2003.714947,31.666,64.168,1882,1860.5639,,3.7401,3.3108,34.9639,262.97,-9.99,0.024,,,-9.99,,,,,
10180002,2003.714947,31.666,64.168,1884,1862.5323,,3.7371,3.3106,34.9641,262.95,-9.99,0.022,,,-9.99,,,,,
10180002,2003.714947,31.666,64.168,1886,1864.5008,,3.7366,3.3107,34.9641,263.03,-9.99,0.017,,,-9.99,,,,,
10180002,2003.714947,31.666,64.168,1888,1866.4692,,3.7343,3.3106,34.9642,263.1,-9.99,0.016,,,-9.99,,,,,
10180002,2003.714947,31.666,64.168,1890,1868.4377,,3.7318,3.3104,34.9641,263.17,-9.99,0.017,,,-9.99,,,,,
10180002,2003.714947,31.666,64.168,1892,1870.4061,,3.7294,3.3103,34.9639,263.19,-9.99,0.017,,,-9.99,,,,,
10180002,2003.714947,31.666,64.168,1894,1872.3745,,3.7276,3.3102,34.9639,263.08,-9.99,0.02,,,-9.99,,,,,
10180002,2003.714947,31.666,64.168,1896,1874.3428,,3.7263,3.3102,34.964,263.06,-9.99,0.021,,,-9.99,,,,,
10180002,2003.714947,31.666,64.168,1898,1876.3112,,3.7253,3.3101,34.9639,263.09,-9.99,0.027,,,-9.99,,,,,
10180002,2003.714947,31.666,64.168,1900,1878.2795,,3.7243,3.3101,34.9638,263.16,-9.99,0.032,,,-9.99,,,,,
10180002,2003.714947,31.666,64.168,1902,1880.2478,,3.7226,3.3101,34.9638,263.24,-9.99,0.035,,,-9.99,,,,,
10180002,2003.714947,31.666,64.168,1904,1882.2161,,3.7205,3.3099,34.9637,263.23,-9.99,0.025,,,-9.99,,,,,
10180002,2003.714947,31.666,64.168,1906,1884.1844,,3.7194,3.3099,34.9638,263.17,-9.99,0.025,,,-9.99,,,,,
10180002,2003.714947,31.666,64.168,1908,1886.1527,,3.7176,3.3099,34.964,263.11,-9.99,0.021,,,-9.99,,,,,
10180002,2003.714947,31.666,64.168,1910,1888.1209,,3.7168,3.3099,34.9642,263.15,-9.99,0.021,,,-9.99,,,,,
10180002,2003.714947,31.666,64.168,1912,1890.0891,,3.716,3.3099,34.9644,263.12,-9.99,0.022,,,-9.99,,,,,
10180002,2003.714947,31.666,64.168,1914,1892.0573,,3.7153,3.3099,34.9644,263.01,-9.99,0.02,,,-9.99,,,,,
10180002,2003.714947,31.666,64.168,1916,1894.0255,,3.7136,3.3099,34.9644,262.95,-9.99,0.02,,,-9.99,,,,,
10180002,2003.714947,31.666,64.168,1918,1895.9937,,3.7115,3.3098,34.9646,263.03,-9.99,0.021,,,-9.99,,,,,
10180002,2003.714947,31.666,64.168,1920,1897.9618,,3.7108,3.3098,34.9645,263.06,-9.99,0.018,,,-9.99,,,,,
10180002,2003.714947,31.666,64.168,1922,1899.93,,3.7105,3.3099,34.9646,262.94,-9.99,0.022,,,-9.99,,,,,
10180002,2003.714947,31.666,64.168,1924,1901.8981,,3.7093,3.3098,34.9647,262.87,-9.99,0.026,,,-9.99,,,,,
10180002,2003.714947,31.666,64.168,1926,1903.8662,,3.7072,3.3097,34.9647,262.92,-9.99,0.027,,,-9.99,,,,,
10180002,2003.714947,31.666,64.168,1928,1905.8343,,3.7053,3.3096,34.9646,262.99,-9.99,0.028,,,-9.99,,,,,
10180002,2003.714947,31.666,64.168,1930,1907.8023,,3.7021,3.3094,34.9644,263.09,-9.99,0.027,,,-9.99,,,,,
10180002,2003.714947,31.666,64.168,1932,1909.7704,,3.7003,3.3093,34.9642,263.17,-9.99,0.026,,,-9.99,,,,,
10180002,2003.714947,31.666,64.168,1934,1911.7384,,3.6978,3.3092,34.964,263.26,-9.99,0.021,,,-9.99,,,,,
10180002,2003.714947,31.666,64.168,1936,1913.7064,,3.6952,3.309,34.9638,263.34,-9.99,0.02,,,-9.99,,,,,
10180002,2003.714947,31.666,64.168,1938,1915.6744,,3.6907,3.3086,34.9633,263.44,-9.99,0.021,,,-9.99,,,,,
10180002,2003.714947,31.666,64.168,1940,1917.6423,,3.6901,3.3087,34.9635,263.32,-9.99,0.026,,,-9.99,,,,,
10180002,2003.714947,31.666,64.168,1942,1919.6103,,3.6901,3.3088,34.9639,263.17,-9.99,0.017,,,-9.99,,,,,
10180002,2003.714947,31.666,64.168,1944,1921.5782,,3.6889,3.3088,34.9639,263.23,-9.99,0.011,,,-9.99,,,,,
10180002,2003.714947,31.666,64.168,1946,1923.5461,,3.6874,3.3087,34.964,263.27,-9.99,0.017,,,-9.99,,,,,
10180002,2003.714947,31.666,64.168,1948,1925.514,,3.6868,3.3088,34.9642,263.09,-9.99,0.019,,,-9.99,,,,,
10180002,2003.714947,31.666,64.168,1950,1927.4819,,3.6826,3.3085,34.9641,263.08,-9.99,0.023,,,-9.99,,,,,
10180002,2003.714947,31.666,64.168,1952,1929.4498,,3.6808,3.3084,34.9639,263.16,-9.99,0.031,,,-9.99,,,,,
10180002,2003.714947,31.666,64.168,1954,1931.4176,,3.6811,3.3085,34.9644,263.21,-9.99,0.03,,,-9.99,,,,,
10180002,2003.714947,31.666,64.168,1956,1933.3854,,3.6799,3.3085,34.9645,263.28,-9.99,0.027,,,-9.99,,,,,
10180002,2003.714947,31.666,64.168,1958,1935.3532,,3.6777,3.3084,34.9642,263.18,-9.99,0.025,,,-9.99,,,,,
10180002,2003.714947,31.666,64.168,1960,1937.321,,3.6766,3.3083,34.9639,263.09,-9.99,0.029,,,-9.99,,,,,
10180002,2003.714947,31.666,64.168,1962,1939.2888,,3.6739,3.3081,34.9638,263.14,-9.99,0.023,,,-9.99,,,,,
10180002,2003.714947,31.666,64.168,1964,1941.2566,,3.672,3.308,34.9635,263.2,-9.99,0.025,,,-9.99,,,,,
10180002,2003.714947,31.666,64.168,1966,1943.2243,,3.6706,3.308,34.9636,263.18,-9.99,0.03,,,-9.99,,,,,
10180002,2003.714947,31.666,64.168,1968,1945.192,,3.6697,3.308,34.9641,263.13,-9.99,0.037,,,-9.99,,,,,
10180002,2003.714947,31.666,64.168,1970,1947.1597,,3.6693,3.3081,34.9644,263.2,-9.99,0.034,,,-9.99,,,,,
10180002,2003.714947,31.666,64.168,1972,1949.1274,,3.6684,3.3081,34.9644,263.15,-9.99,0.028,,,-9.99,,,,,
10180002,2003.714947,31.666,64.168,1974,1951.095,,3.6677,3.3081,34.9645,263.09,-9.99,0.029,,,-9.99,,,,,
10180002,2003.714947,31.666,64.168,1976,1953.0627,,3.6669,3.3081,34.9645,263.06,-9.99,0.028,,,-9.99,,,,,
10180002,2003.714947,31.666,64.168,1978,1955.0303,,3.6646,3.308,34.9642,263.1,-9.99,0.023,,,-9.99,,,,,
10180002,2003.714947,31.666,64.168,1980,1956.9979,,3.6607,3.3077,34.9637,263.2,-9.99,0.022,,,-9.99,,,,,
10180002,2003.714947,31.666,64.168,1982,1958.9655,,3.6528,3.307,34.9627,263.34,-9.99,0.023,,,-9.99,,,,,
10180002,2003.714947,31.666,64.168,1984,1960.9331,,3.6458,3.3064,34.9623,263.46,-9.99,0.016,,,-9.99,,,,,
10180002,2003.714947,31.666,64.168,1986,1962.9006,,3.6421,3.3061,34.9617,263.57,-9.99,0.015,,,-9.99,,,,,
10180002,2003.714947,31.666,64.168,1988,1964.8682,,3.6386,3.3058,34.9612,263.65,-9.99,0.016,,,-9.99,,,,,
10180002,2003.714947,31.666,64.168,1990,1966.8357,,3.6338,3.3054,34.9608,263.75,-9.99,0.015,,,-9.99,,,,,
10180002,2003.714947,31.666,64.168,1992,1968.8032,,3.6317,3.3053,34.9605,263.76,-9.99,0.016,,,-9.99,,,,,
10180002,2003.714947,31.666,64.168,1994,1970.7706,,3.6298,3.3052,34.9603,263.73,-9.99,0.016,,,-9.99,,,,,
10180002,2003.714947,31.666,64.168,1996,1972.7381,,3.6285,3.3052,34.9604,263.8,-9.99,0.02,,,-9.99,,,,,
10180002,2003.714947,31.666,64.168,1998,1974.7055,,3.6298,3.3054,34.9609,263.72,-9.99,0.024,,,-9.99,,,,,
10180002,2003.714947,31.666,64.168,2000,1976.673,,3.6318,3.3057,34.9616,263.62,-9.99,0.022,,,-9.99,,,,,
10180002,2003.714947,31.666,64.168,2002,1978.6404,,3.6346,3.3061,34.9626,263.49,-9.99,0.023,,,-9.99,,,,,
10180002,2003.714947,31.666,64.168,2004,1980.6078,,3.6339,3.3062,34.9625,263.48,-9.99,0.023,,,-9.99,,,,,
10180002,2003.714947,31.666,64.168,2006,1982.5751,,3.6301,3.3059,34.9622,263.46,-9.99,0.024,,,-9.99,,,,,
10180002,2003.714947,31.666,64.168,2008,1984.5425,,3.6294,3.3059,34.9628,263.46,-9.99,0.025,,,-9.99,,,,,
10180002,2003.714947,31.666,64.168,2010,1986.5098,,3.6325,3.3064,34.9636,263.34,-9.99,0.024,,,-9.99,,,,,
10180002,2003.714947,31.666,64.168,2012,1988.4771,,3.6341,3.3066,34.9641,263.22,-9.99,0.019,,,-9.99,,,,,
10180002,2003.714947,31.666,64.168,2014,1990.4444,,3.6327,3.3066,34.9641,263.12,-9.99,0.014,,,-9.99,,,,,
10180002,2003.714947,31.666,64.168,2016,1992.4117,,3.6335,3.3068,34.9648,262.98,-9.99,0.01,,,-9.99,,,,,
10180002,2003.714947,31.666,64.168,2018,1994.379,,3.6362,3.3072,34.9655,262.84,-9.99,0.011,,,-9.99,,,,,
10180002,2003.714947,31.666,64.168,2020,1996.3462,,3.6369,3.3073,34.9657,262.78,-9.99,0.011,,,-9.99,,,,,
10180002,2003.714947,31.666,64.168,2022,1998.3134,,3.6343,3.3072,34.9654,262.9,-9.99,0.014,,,-9.99,,,,,
10180002,2003.714947,31.666,64.168,2024,2000.2807,,3.6302,3.3069,34.9651,262.92,-9.99,0.02,,,-9.99,,,,,
10180002,2003.714947,31.666,64.168,2026,2002.2478,,3.6295,3.3069,34.9656,262.78,-9.99,0.024,,,-9.99,,,,,
10180002,2003.714947,31.666,64.168,2028,2004.215,,3.6292,3.307,34.9655,262.74,-9.99,0.024,,,-9.99,,,,,
10180002,2003.714947,31.666,64.168,2030,2006.1822,,3.6267,3.3068,34.9652,262.82,-9.99,0.022,,,-9.99,,,,,
10180002,2003.714947,31.666,64.168,2032,2008.1493,,3.6196,3.3062,34.9648,262.93,-9.99,0.027,,,-9.99,,,,,
10180002,2003.714947,31.666,64.168,2034,2010.1164,,3.6157,3.3059,34.9645,263.01,-9.99,0.031,,,-9.99,,,,,
10180002,2003.714947,31.666,64.168,2036,2012.0835,,3.6114,3.3056,34.9641,262.98,-9.99,0.023,,,-9.99,,,,,
10180002,2003.714947,31.666,64.168,2038,2014.0506,,3.6077,3.3053,34.9636,263.06,-9.99,0.022,,,-9.99,,,,,
10180002,2003.714947,31.666,64.168,2040,2016.0177,,3.6042,3.305,34.9632,263.14,-9.99,0.02,,,-9.99,,,,,
10180002,2003.714947,31.666,64.168,2042,2017.9847,,3.6015,3.3049,34.9633,263.11,-9.99,0.026,,,-9.99,,,,,
10180002,2003.714947,31.666,64.168,2044,2019.9517,,3.6035,3.3052,34.9647,263,-9.99,0.028,,,-9.99,,,,,
10180002,2003.714947,31.666,64.168,2046,2021.9187,,3.6109,3.3061,34.9665,262.82,-9.99,0.023,,,-9.99,,,,,
10180002,2003.714947,31.666,64.168,2048,2023.8857,,3.6177,3.3069,34.9678,262.57,-9.99,0.014,,,-9.99,,,,,
10180002,2003.714947,31.666,64.168,2050,2025.8527,,3.6172,3.307,34.968,262.51,-9.99,0.019,,,-9.99,,,,,
10180002,2003.714947,31.666,64.168,2052,2027.8196,,3.6168,3.307,34.9679,262.43,-9.99,0.023,,,-9.99,,,,,
10180002,2003.714947,31.666,64.168,2054,2029.7866,,3.6144,3.3069,34.9675,262.42,-9.99,0.021,,,-9.99,,,,,
10180002,2003.714947,31.666,64.168,2056,2031.7535,,3.6154,3.3071,34.968,262.28,-9.99,0.021,,,-9.99,,,,,
10180002,2003.714947,31.666,64.168,2058,2033.7204,,3.6165,3.3073,34.9684,262.16,-9.99,0.021,,,-9.99,,,,,
10180002,2003.714947,31.666,64.168,2060,2035.6873,,3.608,3.3065,34.9669,262.28,-9.99,0.018,,,-9.99,,,,,
10180002,2003.714947,31.666,64.168,2062,2037.6541,,3.597,3.3054,34.9653,262.44,-9.99,0.016,,,-9.99,,,,,
10180002,2003.714947,31.666,64.168,2064,2039.621,,3.5952,3.3054,34.9657,262.52,-9.99,0.016,,,-9.99,,,,,
10180002,2003.714947,31.666,64.168,2066,2041.5878,,3.5938,3.3054,34.9659,262.59,-9.99,0.02,,,-9.99,,,,,
10180002,2003.714947,31.666,64.168,2068,2043.5546,,3.5929,3.3054,34.966,262.66,-9.99,0.02,,,-9.99,,,,,
10180002,2003.714947,31.666,64.168,2070,2045.5214,,3.5913,3.3053,34.966,262.71,-9.99,0.019,,,-9.99,,,,,
10180002,2003.714947,31.666,64.168,2072,2047.4882,,3.5912,3.3054,34.9661,262.52,-9.99,0.027,,,-9.99,,,,,
10180002,2003.714947,31.666,64.168,2074,2049.4549,,3.5892,3.3053,34.9658,262.49,-9.99,0.023,,,-9.99,,,,,
10180002,2003.714947,31.666,64.168,2076,2051.4217,,3.5864,3.3051,34.9657,262.52,-9.99,0.02,,,-9.99,,,,,
10180002,2003.714947,31.666,64.168,2078,2053.3884,,3.5858,3.3051,34.9659,262.44,-9.99,0.016,,,-9.99,,,,,
10180002,2003.714947,31.666,64.168,2080,2055.3551,,3.5873,3.3054,34.9665,262.26,-9.99,0.014,,,-9.99,,,,,
10180002,2003.714947,31.666,64.168,2082,2057.3218,,3.5874,3.3055,34.9667,262.31,-9.99,0.018,,,-9.99,,,,,
10180002,2003.714947,31.666,64.168,2084,2059.2884,,3.5812,3.305,34.9661,262.35,-9.99,0.024,,,-9.99,,,,,
10180002,2003.714947,31.666,64.168,2086,2061.2551,,3.5772,3.3047,34.966,262.33,-9.99,0.024,,,-9.99,,,,,
10180002,2003.714947,31.666,64.168,2088,2063.2217,,3.5771,3.3048,34.9662,262.35,-9.99,0.024,,,-9.99,,,,,
10180002,2003.714947,31.666,64.168,2090,2065.1883,,3.5774,3.3049,34.9666,262.32,-9.99,0.021,,,-9.99,,,,,
10180002,2003.714947,31.666,64.168,2092,2067.1549,,3.5773,3.305,34.9668,262.27,-9.99,0.02,,,-9.99,,,,,
10180002,2003.714947,31.666,64.168,2094,2069.1215,,3.5817,3.3056,34.9681,262.13,-9.99,0.014,,,-9.99,,,,,
10180002,2003.714947,31.666,64.168,2096,2071.088,,3.5798,3.3055,34.9678,262.07,-9.99,0.02,,,-9.99,,,,,
10180002,2003.714947,31.666,64.168,2098,2073.0546,,3.5765,3.3052,34.9673,262.08,-9.99,0.022,,,-9.99,,,,,
10180002,2003.714947,31.666,64.168,2100,2075.0211,,3.5731,3.305,34.967,262.17,-9.99,0.022,,,-9.99,,,,,
10180002,2003.714947,31.666,64.168,2102,2076.9876,,3.569,3.3046,34.9664,262.28,-9.99,0.019,,,-9.99,,,,,
10180002,2003.714947,31.666,64.168,2104,2078.9541,,3.5664,3.3045,34.9666,262.28,-9.99,0.018,,,-9.99,,,,,
10180002,2003.714947,31.666,64.168,2106,2080.9205,,3.5682,3.3048,34.9674,262.22,-9.99,0.016,,,-9.99,,,,,
10180002,2003.714947,31.666,64.168,2108,2082.887,,3.566,3.3047,34.9671,262.18,-9.99,0.025,,,-9.99,,,,,
10180002,2003.714947,31.666,64.168,2110,2084.8534,,3.5645,3.3046,34.9671,262.16,-9.99,0.023,,,-9.99,,,,,
10180002,2003.714947,31.666,64.168,2112,2086.8198,,3.564,3.3047,34.9671,262.14,-9.99,0.024,,,-9.99,,,,,
10180002,2003.714947,31.666,64.168,2114,2088.7862,,3.5631,3.3046,34.967,262.06,-9.99,0.02,,,-9.99,,,,,
10180002,2003.714947,31.666,64.168,2116,2090.7526,,3.5608,3.3045,34.967,262.08,-9.99,0.028,,,-9.99,,,,,
10180002,2003.714947,31.666,64.168,2118,2092.719,,3.5608,3.3047,34.9677,262.01,-9.99,0.016,,,-9.99,,,,,
10180002,2003.714947,31.666,64.168,2120,2094.6853,,3.5599,3.3046,34.9674,262.1,-9.99,0.014,,,-9.99,,,,,
10180002,2003.714947,31.666,64.168,2122,2096.6516,,3.5588,3.3046,34.9673,262.08,-9.99,0.018,,,-9.99,,,,,
10180002,2003.714947,31.666,64.168,2124,2098.6179,,3.5581,3.3046,34.9674,262.02,-9.99,0.02,,,-9.99,,,,,
10180002,2003.714947,31.666,64.168,2126,2100.5842,,3.5581,3.3047,34.9676,261.93,-9.99,0.023,,,-9.99,,,,,
10180002,2003.714947,31.666,64.168,2128,2102.5505,,3.558,3.3048,34.9678,261.77,-9.99,0.022,,,-9.99,,,,,
10180002,2003.714947,31.666,64.168,2130,2104.5167,,3.5568,3.3048,34.9684,261.65,-9.99,0.013,,,-9.99,,,,,
10180002,2003.714947,31.666,64.168,2132,2106.4829,,3.5533,3.3046,34.9683,261.7,-9.99,0.016,,,-9.99,,,,,
10180002,2003.714947,31.666,64.168,2134,2108.4492,,3.5489,3.3043,34.968,261.8,-9.99,0.019,,,-9.99,,,,,
10180002,2003.714947,31.666,64.168,2136,2110.4153,,3.5454,3.304,34.9679,261.89,-9.99,0.019,,,-9.99,,,,,
10180002,2003.714947,31.666,64.168,2138,2112.3815,,3.5443,3.304,34.9678,261.85,-9.99,0.022,,,-9.99,,,,,
10180002,2003.714947,31.666,64.168,2140,2114.3477,,3.5433,3.304,34.9679,261.77,-9.99,0.023,,,-9.99,,,,,
10180002,2003.714947,31.666,64.168,2142,2116.3138,,3.5417,3.3039,34.9679,261.74,-9.99,0.025,,,-9.99,,,,,
10180002,2003.714947,31.666,64.168,2144,2118.2799,,3.5406,3.3039,34.9679,261.78,-9.99,0.025,,,-9.99,,,,,
10180002,2003.714947,31.666,64.168,2146,2120.246,,3.5395,3.3039,34.9679,261.89,-9.99,0.024,,,-9.99,,,,,
10180002,2003.714947,31.666,64.168,2148,2122.2121,,3.5375,3.3038,34.9678,261.81,-9.99,0.021,,,-9.99,,,,,
10180002,2003.714947,31.666,64.168,2150,2124.1782,,3.5359,3.3037,34.9676,261.72,-9.99,0.022,,,-9.99,,,,,
10180002,2003.714947,31.666,64.168,2152,2126.1442,,3.5325,3.3035,34.9673,261.66,-9.99,0.025,,,-9.99,,,,,
10180002,2003.714947,31.666,64.168,2154,2128.1103,,3.5282,3.3031,34.967,261.78,-9.99,0.021,,,-9.99,,,,,
10180002,2003.714947,31.666,64.168,2156,2130.0763,,3.5234,3.3027,34.9664,261.88,-9.99,0.02,,,-9.99,,,,,
10180002,2003.714947,31.666,64.168,2158,2132.0423,,3.5193,3.3024,34.9661,261.97,-9.99,0.02,,,-9.99,,,,,
10180002,2003.714947,31.666,64.168,2160,2134.0083,,3.5143,3.302,34.9658,261.97,-9.99,0.025,,,-9.99,,,,,
10180002,2003.714947,31.666,64.168,2162,2135.9742,,3.5129,3.302,34.9657,261.85,-9.99,0.023,,,-9.99,,,,,
10180002,2003.714947,31.666,64.168,2164,2137.9402,,3.5111,3.3019,34.9655,261.9,-9.99,0.017,,,-9.99,,,,,
10180002,2003.714947,31.666,64.168,2166,2139.9061,,3.5076,3.3016,34.9651,261.94,-9.99,0.02,,,-9.99,,,,,
10180002,2003.714947,31.666,64.168,2168,2141.872,,3.501,3.3011,34.9646,262.04,-9.99,0.021,,,-9.99,,,,,
10180002,2003.714947,31.666,64.168,2170,2143.8379,,3.4989,3.3009,34.9642,262.12,-9.99,0.015,,,-9.99,,,,,
10180002,2003.714947,31.666,64.168,2172,2145.8037,,3.4965,3.3008,34.9641,262.21,-9.99,0.015,,,-9.99,,,,,
10180002,2003.714947,31.666,64.168,2174,2147.7696,,3.4964,3.3009,34.9645,262.2,-9.99,0.017,,,-9.99,,,,,
10180002,2003.714947,31.666,64.168,2176,2149.7354,,3.4961,3.3009,34.9646,262.1,-9.99,0.026,,,-9.99,,,,,
10180002,2003.714947,31.666,64.168,2178,2151.7012,,3.4941,3.3008,34.9644,262.05,-9.99,0.03,,,-9.99,,,,,
10180002,2003.714947,31.666,64.168,2180,2153.667,,3.4917,3.3007,34.9642,262.08,-9.99,0.024,,,-9.99,,,,,
10180002,2003.714947,31.666,64.168,2182,2155.6328,,3.4898,3.3006,34.9639,262.17,-9.99,0.019,,,-9.99,,,,,
10180002,2003.714947,31.666,64.168,2184,2157.5986,,3.4874,3.3004,34.964,262.22,-9.99,0.03,,,-9.99,,,,,
10180002,2003.714947,31.666,64.168,2186,2159.5643,,3.4894,3.3008,34.965,262.09,-9.99,0.032,,,-9.99,,,,,
10180002,2003.714947,31.666,64.168,2188,2161.53,,3.4932,3.3013,34.9659,261.94,-9.99,0.025,,,-9.99,,,,,
10180002,2003.714947,31.666,64.168,2190,2163.4958,,3.4901,3.3011,34.9659,261.7,-9.99,0.012,,,-9.99,,,,,
10180002,2003.714947,31.666,64.168,2192,2165.4614,,3.489,3.3011,34.9663,261.62,-9.99,0.018,,,-9.99,,,,,
10180002,2003.714947,31.666,64.168,2194,2167.4271,,3.488,3.3011,34.9666,261.71,-9.99,0.027,,,-9.99,,,,,
10180002,2003.714947,31.666,64.168,2196,2169.3928,,3.4843,3.3009,34.9666,261.8,-9.99,0.029,,,-9.99,,,,,
10180002,2003.714947,31.666,64.168,2198,2171.3584,,3.4841,3.3009,34.9664,261.73,-9.99,0.026,,,-9.99,,,,,
10180002,2003.714947,31.666,64.168,2200,2173.324,,3.4833,3.3009,34.9665,261.6,-9.99,0.02,,,-9.99,,,,,
10180002,2003.714947,31.666,64.168,2202,2175.2896,,3.4813,3.3008,34.9664,261.6,-9.99,0.015,,,-9.99,,,,,
10180002,2003.714947,31.666,64.168,2204,2177.2552,,3.4793,3.3007,34.9663,261.62,-9.99,0.014,,,-9.99,,,,,
10180002,2003.714947,31.666,64.168,2206,2179.2208,,3.4759,3.3005,34.9661,261.49,-9.99,0.018,,,-9.99,,,,,
10180002,2003.714947,31.666,64.168,2208,2181.1863,,3.4758,3.3005,34.9661,261.41,-9.99,0.026,,,-9.99,,,,,
10180002,2003.714947,31.666,64.168,2210,2183.1518,,3.4754,3.3006,34.9661,261.47,-9.99,0.026,,,-9.99,,,,,
10180002,2003.714947,31.666,64.168,2212,2185.1173,,3.4746,3.3006,34.9661,261.55,-9.99,0.025,,,-9.99,,,,,
10180002,2003.714947,31.666,64.168,2214,2187.0828,,3.4729,3.3005,34.9659,261.52,-9.99,0.024,,,-9.99,,,,,
10180002,2003.714947,31.666,64.168,2216,2189.0483,,3.4692,3.3003,34.9659,261.43,-9.99,0.025,,,-9.99,,,,,
10180002,2003.714947,31.666,64.168,2218,2191.0137,,3.4659,3.3,34.966,261.41,-9.99,0.021,,,-9.99,,,,,
10180002,2003.714947,31.666,64.168,2220,2192.9792,,3.4641,3.3,34.9661,261.34,-9.99,0.014,,,-9.99,,,,,
10180002,2003.714947,31.666,64.168,2222,2194.9446,,3.4637,3.3,34.9662,261.28,-9.99,0.014,,,-9.99,,,,,
10180002,2003.714947,31.666,64.168,2224,2196.91,,3.4623,3.3,34.9662,261.2,-9.99,0.016,,,-9.99,,,,,
10180002,2003.714947,31.666,64.168,2226,2198.8754,,3.4601,3.2999,34.9661,261.27,-9.99,0.022,,,-9.99,,,,,
10180002,2003.714947,31.666,64.168,2228,2200.8407,,3.4577,3.2997,34.9661,261.35,-9.99,0.029,,,-9.99,,,,,
10180002,2003.714947,31.666,64.168,2230,2202.8061,,3.4559,3.2996,34.966,261.43,-9.99,0.031,,,-9.99,,,,,
10180002,2003.714947,31.666,64.168,2232,2204.7714,,3.4531,3.2994,34.9658,261.43,-9.99,0.026,,,-9.99,,,,,
10180002,2003.714947,31.666,64.168,2234,2206.7367,,3.4503,3.2993,34.9656,261.4,-9.99,0.021,,,-9.99,,,,,
10180002,2003.714947,31.666,64.168,2236,2208.702,,3.4487,3.2992,34.9655,261.44,-9.99,0.021,,,-9.99,,,,,
10180002,2003.714947,31.666,64.168,2238,2210.6673,,3.4481,3.2992,34.9656,261.42,-9.99,0.02,,,-9.99,,,,,
10180002,2003.714947,31.666,64.168,2240,2212.6326,,3.4474,3.2992,34.9657,261.25,-9.99,0.016,,,-9.99,,,,,
10180002,2003.714947,31.666,64.168,2242,2214.5978,,3.4473,3.2993,34.9658,261.22,-9.99,0.018,,,-9.99,,,,,
10180002,2003.714947,31.666,64.168,2244,2216.563,,3.4456,3.2993,34.9658,261.14,-9.99,0.019,,,-9.99,,,,,
10180002,2003.714947,31.666,64.168,2246,2218.5282,,3.4429,3.2991,34.9657,261.21,-9.99,0.019,,,-9.99,,,,,
10180002,2003.714947,31.666,64.168,2248,2220.4934,,3.4407,3.299,34.9657,261.31,-9.99,0.018,,,-9.99,,,,,
10180002,2003.714947,31.666,64.168,2250,2222.4586,,3.4401,3.299,34.9657,261.36,-9.99,0.022,,,-9.99,,,,,
10180002,2003.714947,31.666,64.168,2252,2224.4237,,3.439,3.299,34.9656,261.28,-9.99,0.016,,,-9.99,,,,,
10180002,2003.714947,31.666,64.168,2254,2226.3888,,3.4369,3.2989,34.9656,261.31,-9.99,0.019,,,-9.99,,,,,
10180002,2003.714947,31.666,64.168,2256,2228.354,,3.4356,3.2988,34.9657,261.33,-9.99,0.029,,,-9.99,,,,,
10180002,2003.714947,31.666,64.168,2258,2230.3191,,3.4348,3.2989,34.9659,261.18,-9.99,0.017,,,-9.99,,,,,
10180002,2003.714947,31.666,64.168,2260,2232.2841,,3.4329,3.2988,34.9657,261.29,-9.99,0.016,,,-9.99,,,,,
10180002,2003.714947,31.666,64.168,2262,2234.2492,,3.4274,3.2983,34.9657,261.09,-9.99,0.021,,,-9.99,,,,,
10180002,2003.714947,31.666,64.168,2264,2236.2142,,3.4244,3.2982,34.9658,261.1,-9.99,0.033,,,-9.99,,,,,
10180002,2003.714947,31.666,64.168,2266,2238.1792,,3.4233,3.2982,34.9662,261.16,-9.99,0.03,,,-9.99,,,,,
10180002,2003.714947,31.666,64.168,2268,2240.1443,,3.4232,3.2983,34.9665,261.1,-9.99,0.027,,,-9.99,,,,,
10180002,2003.714947,31.666,64.168,2270,2242.1092,,3.421,3.2981,34.9661,261.07,-9.99,0.027,,,-9.99,,,,,
10180002,2003.714947,31.666,64.168,2272,2244.0742,,3.4189,3.298,34.966,261.04,-9.99,0.026,,,-9.99,,,,,
10180002,2003.714947,31.666,64.168,2274,2246.0392,,3.4201,3.2982,34.9663,260.91,-9.99,0.02,,,-9.99,,,,,
10180002,2003.714947,31.666,64.168,2276,2248.0041,,3.4196,3.2983,34.9663,260.74,-9.99,0.022,,,-9.99,,,,,
10180002,2003.714947,31.666,64.168,2278,2249.969,,3.418,3.2982,34.9662,260.73,-9.99,0.024,,,-9.99,,,,,
10180002,2003.714947,31.666,64.168,2280,2251.9339,,3.4184,3.2983,34.9665,260.78,-9.99,0.025,,,-9.99,,,,,
10180002,2003.714947,31.666,64.168,2282,2253.8988,,3.4189,3.2985,34.9668,260.8,-9.99,0.026,,,-9.99,,,,,
10180002,2003.714947,31.666,64.168,2284,2255.8636,,3.4195,3.2986,34.9673,260.75,-9.99,0.024,,,-9.99,,,,,
10180002,2003.714947,31.666,64.168,2286,2257.8285,,3.42,3.2988,34.9674,260.74,-9.99,0.02,,,-9.99,,,,,
10180002,2003.714947,31.666,64.168,2288,2259.7933,,3.4178,3.2986,34.9671,260.71,-9.99,0.017,,,-9.99,,,,,
10180002,2003.714947,31.666,64.168,2290,2261.7581,,3.415,3.2984,34.9667,260.66,-9.99,0.016,,,-9.99,,,,,
10180002,2003.714947,31.666,64.168,2292,2263.7229,,3.4139,3.2984,34.9667,260.55,-9.99,0.018,,,-9.99,,,,,
10180002,2003.714947,31.666,64.168,2294,2265.6877,,3.4123,3.2983,34.9667,260.49,-9.99,0.019,,,-9.99,,,,,
10180002,2003.714947,31.666,64.168,2296,2267.6524,,3.4077,3.2979,34.9659,260.57,-9.99,0.02,,,-9.99,,,,,
10180002,2003.714947,31.666,64.168,2298,2269.6172,,3.4033,3.2976,34.9655,260.63,-9.99,0.025,,,-9.99,,,,,
10180002,2003.714947,31.666,64.168,2300,2271.5819,,3.4027,3.2976,34.9654,260.69,-9.99,0.026,,,-9.99,,,,,
10180002,2003.714947,31.666,64.168,2302,2273.5466,,3.4019,3.2976,34.9652,260.76,-9.99,0.021,,,-9.99,,,,,
10180002,2003.714947,31.666,64.168,2304,2275.5112,,3.3988,3.2974,34.9651,260.79,-9.99,0.018,,,-9.99,,,,,
10180002,2003.714947,31.666,64.168,2306,2277.4759,,3.3966,3.2973,34.9655,260.72,-9.99,0.027,,,-9.99,,,,,
10180002,2003.714947,31.666,64.168,2308,2279.4406,,3.3961,3.2974,34.9655,260.81,-9.99,0.024,,,-9.99,,,,,
10180002,2003.714947,31.666,64.168,2310,2281.4052,,3.3953,3.2974,34.9654,260.68,-9.99,0.02,,,-9.99,,,,,
10180002,2003.714947,31.666,64.168,2312,2283.3698,,3.3934,3.2973,34.9655,260.48,-9.99,0.014,,,-9.99,,,,,
10180002,2003.714947,31.666,64.168,2314,2285.3344,,3.3921,3.2972,34.9656,260.45,-9.99,0.012,,,-9.99,,,,,
10180002,2003.714947,31.666,64.168,2316,2287.299,,3.3915,3.2973,34.9656,260.47,-9.99,0.015,,,-9.99,,,,,
10180002,2003.714947,31.666,64.168,2318,2289.2635,,3.3902,3.2972,34.9656,260.51,-9.99,0.019,,,-9.99,,,,,
10180002,2003.714947,31.666,64.168,2320,2291.228,,3.3882,3.2971,34.9655,260.58,-9.99,0.021,,,-9.99,,,,,
10180002,2003.714947,31.666,64.168,2322,2293.1926,,3.3848,3.2969,34.9654,260.7,-9.99,0.023,,,-9.99,,,,,
10180002,2003.714947,31.666,64.168,2324,2295.1571,,3.3838,3.2969,34.9653,260.69,-9.99,0.02,,,-9.99,,,,,
10180002,2003.714947,31.666,64.168,2326,2297.1215,,3.3802,3.2966,34.965,260.67,-9.99,0.018,,,-9.99,,,,,
10180002,2003.714947,31.666,64.168,2328,2299.086,,3.3773,3.2964,34.9649,260.73,-9.99,0.009,,,-9.99,,,,,
10180002,2003.714947,31.666,64.168,2330,2301.0505,,3.375,3.2963,34.9649,260.8,-9.99,0.017,,,-9.99,,,,,
10180002,2003.714947,31.666,64.168,2332,2303.0149,,3.3743,3.2963,34.965,260.87,-9.99,0.02,,,-9.99,,,,,
10180002,2003.714947,31.666,64.168,2334,2304.9793,,3.3739,3.2963,34.9647,260.79,-9.99,0.025,,,-9.99,,,,,
10180002,2003.714947,31.666,64.168,2336,2306.9437,,3.3726,3.2963,34.9646,260.4,-9.99,0.017,,,-9.99,,,,,
10180002,2003.714947,31.666,64.168,2338,2308.9081,,3.3692,3.2961,34.9647,260.46,-9.99,0.03,,,-9.99,,,,,
10180002,2003.714947,31.666,64.168,2340,2310.8724,,3.3682,3.2961,34.9646,260.66,-9.99,0.027,,,-9.99,,,,,
10180002,2003.714947,31.666,64.168,2342,2312.8368,,3.3657,3.2959,34.9643,260.6,-9.99,0.028,,,-9.99,,,,,
10180002,2003.714947,31.666,64.168,2344,2314.8011,,3.3638,3.2958,34.9642,260.69,-9.99,0.038,,,-9.99,,,,,
10180002,2003.714947,31.666,64.168,2346,2316.7654,,3.3635,3.2958,34.964,260.76,-9.99,0.027,,,-9.99,,,,,
10180002,2003.714947,31.666,64.168,2348,2318.7297,,3.3612,3.2957,34.9639,260.84,-9.99,0.021,,,-9.99,,,,,
10180002,2003.714947,31.666,64.168,2350,2320.6939,,3.3579,3.2955,34.9639,260.86,-9.99,0.019,,,-9.99,,,,,
10180002,2003.714947,31.666,64.168,2352,2322.6582,,3.3555,3.2953,34.9637,260.88,-9.99,0.023,,,-9.99,,,,,
10180002,2003.714947,31.666,64.168,2354,2324.6224,,3.3541,3.2953,34.9636,260.91,-9.99,0.023,,,-9.99,,,,,
10180002,2003.714947,31.666,64.168,2356,2326.5866,,3.3542,3.2954,34.9639,260.81,-9.99,0.01,,,-9.99,,,,,
10180002,2003.714947,31.666,64.168,2358,2328.5508,,3.3558,3.2957,34.9646,260.57,-9.99,0.013,,,-9.99,,,,,
10180002,2003.714947,31.666,64.168,2360,2330.515,,3.3574,3.2959,34.9653,260.41,-9.99,0.016,,,-9.99,,,,,
10180002,2003.714947,31.666,64.168,2362,2332.4792,,3.3572,3.296,34.9653,260.46,-9.99,0.019,,,-9.99,,,,,
10180002,2003.714947,31.666,64.168,2364,2334.4433,,3.3561,3.296,34.9651,260.53,-9.99,0.024,,,-9.99,,,,,
10180002,2003.714947,31.666,64.168,2366,2336.4074,,3.3526,3.2957,34.9646,260.62,-9.99,0.025,,,-9.99,,,,,
10180002,2003.714947,31.666,64.168,2368,2338.3715,,3.3499,3.2955,34.9641,260.67,-9.99,0.019,,,-9.99,,,,,
10180002,2003.714947,31.666,64.168,2370,2340.3356,,3.3492,3.2955,34.964,260.58,-9.99,0.019,,,-9.99,,,,,
10180002,2003.714947,31.666,64.168,2372,2342.2997,,3.3468,3.2954,34.9642,260.45,-9.99,0.018,,,-9.99,,,,,
10180002,2003.714947,31.666,64.168,2374,2344.2638,,3.3473,3.2955,34.9647,260.43,-9.99,0.023,,,-9.99,,,,,
10180002,2003.714947,31.666,64.168,2376,2346.2278,,3.3482,3.2957,34.965,260.32,-9.99,0.026,,,-9.99,,,,,
10180002,2003.714947,31.666,64.168,2378,2348.1918,,3.3479,3.2958,34.9651,260.21,-9.99,0.025,,,-9.99,,,,,
10180002,2003.714947,31.666,64.168,2380,2350.1558,,3.3471,3.2958,34.965,260.24,-9.99,0.025,,,-9.99,,,,,
10180002,2003.714947,31.666,64.168,2382,2352.1198,,3.3453,3.2957,34.9648,260.31,-9.99,0.017,,,-9.99,,,,,
10180002,2003.714947,31.666,64.168,2384,2354.0837,,3.3422,3.2955,34.9645,260.4,-9.99,0.014,,,-9.99,,,,,
10180002,2003.714947,31.666,64.168,2386,2356.0477,,3.3384,3.2952,34.9644,260.47,-9.99,0.018,,,-9.99,,,,,
10180002,2003.714947,31.666,64.168,2388,2358.0116,,3.3343,3.2949,34.9639,260.54,-9.99,0.024,,,-9.99,,,,,
10180002,2003.714947,31.666,64.168,2390,2359.9755,,3.3282,3.2943,34.9632,260.71,-9.99,0.028,,,-9.99,,,,,
10180002,2003.714947,31.666,64.168,2392,2361.9394,,3.3276,3.2944,34.9633,260.58,-9.99,0.023,,,-9.99,,,,,
10180002,2003.714947,31.666,64.168,2394,2363.9033,,3.3269,3.2944,34.9633,260.53,-9.99,0.023,,,-9.99,,,,,
10180002,2003.714947,31.666,64.168,2396,2365.8671,,3.3263,3.2944,34.9633,260.47,-9.99,0.024,,,-9.99,,,,,
10180002,2003.714947,31.666,64.168,2398,2367.831,,3.3243,3.2943,34.9631,260.31,-9.99,0.017,,,-9.99,,,,,
10180002,2003.714947,31.666,64.168,2400,2369.7948,,3.3219,3.2941,34.9627,260.29,-9.99,0.021,,,-9.99,,,,,
10180002,2003.714947,31.666,64.168,2402,2371.7586,,3.3202,3.2941,34.9626,260.33,-9.99,0.024,,,-9.99,,,,,
10180002,2003.714947,31.666,64.168,2404,2373.7224,,3.3193,3.2941,34.9626,260.39,-9.99,0.018,,,-9.99,,,,,
10180002,2003.714947,31.666,64.168,2406,2375.6862,,3.3191,3.2941,34.9628,260.44,-9.99,0.01,,,-9.99,,,,,
10180002,2003.714947,31.666,64.168,2408,2377.6499,,3.3158,3.2939,34.9624,260.52,-9.99,0.016,,,-9.99,,,,,
10180002,2003.714947,31.666,64.168,2410,2379.6136,,3.3143,3.2938,34.9624,260.6,-9.99,0.02,,,-9.99,,,,,
10180002,2003.714947,31.666,64.168,2412,2381.5773,,3.311,3.2936,34.9621,260.69,-9.99,0.026,,,-9.99,,,,,
10180002,2003.714947,31.666,64.168,2414,2383.541,,3.3081,3.2934,34.962,260.78,-9.99,0.024,,,-9.99,,,,,
10180002,2003.714947,31.666,64.168,2416,2385.5047,,3.3077,3.2934,34.962,260.79,-9.99,0.019,,,-9.99,,,,,
10180002,2003.714947,31.666,64.168,2418,2387.4684,,3.3072,3.2935,34.9619,260.85,-9.99,0.025,,,-9.99,,,,,
10180002,2003.714947,31.666,64.168,2420,2389.432,,3.3022,3.2931,34.9616,260.79,-9.99,0.027,,,-9.99,,,,,
10180002,2003.714947,31.666,64.168,2422,2391.3956,,3.2983,3.2928,34.9614,261.01,-9.99,0.023,,,-9.99,,,,,
10180002,2003.714947,31.666,64.168,2424,2393.3592,,3.296,3.2927,34.9613,260.98,-9.99,0.023,,,-9.99,,,,,
10180002,2003.714947,31.666,64.168,2426,2395.3228,,3.2949,3.2926,34.9611,260.88,-9.99,0.024,,,-9.99,,,,,
10180002,2003.714947,31.666,64.168,2428,2397.2864,,3.2934,3.2926,34.9611,260.84,-9.99,0.024,,,-9.99,,,,,
10180002,2003.714947,31.666,64.168,2430,2399.2499,,3.291,3.2924,34.9612,260.63,-9.99,0.026,,,-9.99,,,,,
10180002,2003.714947,31.666,64.168,2432,2401.2135,,3.2907,3.2925,34.9612,260.76,-9.99,0.023,,,-9.99,,,,,
10180002,2003.714947,31.666,64.168,2434,2403.177,,3.2901,3.2925,34.9611,260.71,-9.99,0.024,,,-9.99,,,,,
10180002,2003.714947,31.666,64.168,2436,2405.1405,,3.2893,3.2925,34.9609,260.77,-9.99,0.022,,,-9.99,,,,,
10180002,2003.714947,31.666,64.168,2438,2407.104,,3.2861,3.2923,34.9606,260.86,-9.99,0.019,,,-9.99,,,,,
10180002,2003.714947,31.666,64.168,2440,2409.0674,,3.2837,3.2921,34.9605,260.91,-9.99,0.02,,,-9.99,,,,,
10180002,2003.714947,31.666,64.168,2442,2411.0309,,3.2812,3.292,34.9604,260.97,-9.99,0.02,,,-9.99,,,,,
10180002,2003.714947,31.666,64.168,2444,2412.9943,,3.2785,3.2918,34.9603,261.1,-9.99,0.016,,,-9.99,,,,,
10180002,2003.714947,31.666,64.168,2446,2414.9577,,3.2758,3.2916,34.9601,261.14,-9.99,0.016,,,-9.99,,,,,
10180002,2003.714947,31.666,64.168,2448,2416.9211,,3.2728,3.2914,34.96,261.16,-9.99,0.019,,,-9.99,,,,,
10180002,2003.714947,31.666,64.168,2450,2418.8845,,3.2698,3.2912,34.96,261.11,-9.99,0.022,,,-9.99,,,,,
10180002,2003.714947,31.666,64.168,2452,2420.8478,,3.2687,3.2912,34.9602,260.86,-9.99,0.021,,,-9.99,,,,,
10180002,2003.714947,31.666,64.168,2454,2422.8112,,3.2669,3.2911,34.9601,260.83,-9.99,0.016,,,-9.99,,,,,
10180002,2003.714947,31.666,64.168,2456,2424.7745,,3.2642,3.291,34.96,260.9,-9.99,0.014,,,-9.99,,,,,
10180002,2003.714947,31.666,64.168,2458,2426.7378,,3.2623,3.2909,34.96,260.88,-9.99,0.022,,,-9.99,,,,,
10180002,2003.714947,31.666,64.168,2460,2428.7011,,3.2607,3.2908,34.9601,260.9,-9.99,0.025,,,-9.99,,,,,
10180002,2003.714947,31.666,64.168,2462,2430.6643,,3.2596,3.2908,34.96,260.96,-9.99,0.027,,,-9.99,,,,,
10180002,2003.714947,31.666,64.168,2464,2432.6276,,3.2592,3.2909,34.9601,260.95,-9.99,0.016,,,-9.99,,,,,
10180002,2003.714947,31.666,64.168,2466,2434.5908,,3.2583,3.2908,34.96,260.86,-9.99,0.011,,,-9.99,,,,,
10180002,2003.714947,31.666,64.168,2468,2436.554,,3.2567,3.2908,34.96,260.77,-9.99,0.015,,,-9.99,,,,,
10180002,2003.714947,31.666,64.168,2470,2438.5172,,3.2534,3.2905,34.9598,260.78,-9.99,0.018,,,-9.99,,,,,
10180002,2003.714947,31.666,64.168,2472,2440.4804,,3.2501,3.2903,34.9598,260.7,-9.99,0.018,,,-9.99,,,,,
10180002,2003.714947,31.666,64.168,2474,2442.4435,,3.2485,3.2903,34.9597,260.62,-9.99,0.012,,,-9.99,,,,,
10180002,2003.714947,31.666,64.168,2476,2444.4067,,3.247,3.2902,34.9598,260.64,-9.99,0.01,,,-9.99,,,,,
10180002,2003.714947,31.666,64.168,2478,2446.3698,,3.2455,3.2902,34.9598,260.72,-9.99,0.012,,,-9.99,,,,,
10180002,2003.714947,31.666,64.168,2480,2448.3329,,3.2446,3.2902,34.9598,260.78,-9.99,0.009,,,-9.99,,,,,
10180002,2003.714947,31.666,64.168,2482,2450.296,,3.2442,3.2902,34.9596,260.81,-9.99,0.016,,,-9.99,,,,,
10180002,2003.714947,31.666,64.168,2484,2452.2591,,3.2432,3.2902,34.9595,260.81,-9.99,0.019,,,-9.99,,,,,
10180002,2003.714947,31.666,64.168,2486,2454.2221,,3.243,3.2902,34.9595,260.88,-9.99,0.019,,,-9.99,,,,,
10180002,2003.714947,31.666,64.168,2488,2456.1851,,3.2424,3.2902,34.9595,260.77,-9.99,0.016,,,-9.99,,,,,
10180002,2003.714947,31.666,64.168,2490,2458.1482,,3.2409,3.2902,34.9596,260.71,-9.99,0.022,,,-9.99,,,,,
10180002,2003.714947,31.666,64.168,2492,2460.1111,,3.24,3.2902,34.9595,260.76,-9.99,0.027,,,-9.99,,,,,
10180002,2003.714947,31.666,64.168,2494,2462.0741,,3.2379,3.2901,34.9595,260.83,-9.99,0.022,,,-9.99,,,,,
10180002,2003.714947,31.666,64.168,2496,2464.0371,,3.2366,3.29,34.9594,260.84,-9.99,0.019,,,-9.99,,,,,
10180002,2003.714947,31.666,64.168,2498,2466,,3.2364,3.2901,34.9594,260.72,-9.99,0.018,,,-9.99,,,,,
10180002,2003.714947,31.666,64.168,2500,2467.963,,3.2356,3.2901,34.9594,260.61,-9.99,0.023,,,-9.99,,,,,
10180002,2003.714947,31.666,64.168,2502,2469.9259,,3.2334,3.29,34.9593,260.7,-9.99,0.021,,,-9.99,,,,,
10180002,2003.714947,31.666,64.168,2504,2471.8888,,3.2303,3.2898,34.959,260.8,-9.99,0.022,,,-9.99,,,,,
10180002,2003.714947,31.666,64.168,2506,2473.8516,,3.2287,3.2897,34.9589,260.87,-9.99,0.023,,,-9.99,,,,,
10180002,2003.714947,31.666,64.168,2508,2475.8145,,3.2273,3.2896,34.9588,260.93,-9.99,0.021,,,-9.99,,,,,
10180002,2003.714947,31.666,64.168,2510,2477.7773,,3.2263,3.2896,34.9588,260.82,-9.99,0.019,,,-9.99,,,,,
10180002,2003.714947,31.666,64.168,2512,2479.7401,,3.2258,3.2897,34.9589,260.7,-9.99,0.022,,,-9.99,,,,,
10180002,2003.714947,31.666,64.168,2514,2481.7029,,3.2255,3.2897,34.9589,260.86,-9.99,0.027,,,-9.99,,,,,
10180002,2003.714947,31.666,64.168,2516,2483.6657,,3.225,3.2897,34.9588,260.87,-9.99,0.026,,,-9.99,,,,,
10180002,2003.714947,31.666,64.168,2518,2485.6285,,3.2248,3.2898,34.9588,260.79,-9.99,0.023,,,-9.99,,,,,
10180002,2003.714947,31.666,64.168,2520,2487.5912,,3.224,3.2898,34.9586,260.71,-9.99,0.017,,,-9.99,,,,,
10180002,2003.714947,31.666,64.168,2522,2489.554,,3.2225,3.2897,34.9589,260.72,-9.99,0.02,,,-9.99,,,,,
10180002,2003.714947,31.666,64.168,2524,2491.5167,,3.2196,3.2896,34.9587,260.7,-9.99,0.017,,,-9.99,,,,,
10180002,2003.714947,31.666,64.168,2526,2493.4794,,3.2161,3.2893,34.9586,260.73,-9.99,0.015,,,-9.99,,,,,
10180002,2003.714947,31.666,64.168,2528,2495.442,,3.2134,3.2891,34.9584,260.77,-9.99,0.016,,,-9.99,,,,,
10180002,2003.714947,31.666,64.168,2530,2497.4047,,3.2109,3.289,34.9581,260.78,-9.99,0.02,,,-9.99,,,,,
10180002,2003.714947,31.666,64.168,2532,2499.3673,,3.2091,3.2889,34.9581,260.89,-9.99,0.024,,,-9.99,,,,,
10180002,2003.714947,31.666,64.168,2534,2501.3299,,3.2072,3.2888,34.958,260.99,-9.99,0.021,,,-9.99,,,,,
10180002,2003.714947,31.666,64.168,2536,2503.2926,,3.2036,3.2885,34.9578,260.8,-9.99,0.022,,,-9.99,,,,,
10180002,2003.714947,31.666,64.168,2538,2505.2551,,3.2025,3.2885,34.958,260.78,-9.99,0.015,,,-9.99,,,,,
10180002,2003.714947,31.666,64.168,2540,2507.2177,,3.2028,3.2886,34.9581,260.82,-9.99,0.021,,,-9.99,,,,,
10180002,2003.714947,31.666,64.168,2542,2509.1803,,3.2026,3.2887,34.9581,260.71,-9.99,0.017,,,-9.99,,,,,
10180002,2003.714947,31.666,64.168,2544,2511.1428,,3.2006,3.2886,34.958,260.74,-9.99,0.016,,,-9.99,,,,,
10180002,2003.714947,31.666,64.168,2546,2513.1053,,3.1996,3.2886,34.9579,260.73,-9.99,0.022,,,-9.99,,,,,
10180002,2003.714947,31.666,64.168,2548,2515.0678,,3.1985,3.2885,34.9578,260.65,-9.99,0.024,,,-9.99,,,,,
10180002,2003.714947,31.666,64.168,2550,2517.0303,,3.1977,3.2885,34.9579,260.7,-9.99,0.017,,,-9.99,,,,,
10180002,2003.714947,31.666,64.168,2552,2518.9927,,3.1963,3.2885,34.9578,260.69,-9.99,0.021,,,-9.99,,,,,
10180002,2003.714947,31.666,64.168,2554,2520.9552,,3.1941,3.2884,34.9577,260.69,-9.99,0.026,,,-9.99,,,,,
10180002,2003.714947,31.666,64.168,2556,2522.9176,,3.1903,3.2881,34.9576,260.6,-9.99,0.027,,,-9.99,,,,,
10180002,2003.714947,31.666,64.168,2558,2524.88,,3.1896,3.2881,34.9575,260.58,-9.99,0.024,,,-9.99,,,,,
10180002,2003.714947,31.666,64.168,2560,2526.8424,,3.1887,3.2881,34.9575,260.6,-9.99,0.024,,,-9.99,,,,,
10180002,2003.714947,31.666,64.168,2562,2528.8048,,3.1876,3.2881,34.9575,260.6,-9.99,0.021,,,-9.99,,,,,
10180002,2003.714947,31.666,64.168,2564,2530.7671,,3.1869,3.2881,34.9575,260.64,-9.99,0.016,,,-9.99,,,,,
10180002,2003.714947,31.666,64.168,2566,2532.7295,,3.1854,3.288,34.9573,260.67,-9.99,0.022,,,-9.99,,,,,
10180002,2003.714947,31.666,64.168,2568,2534.6918,,3.1838,3.288,34.9573,260.56,-9.99,0.021,,,-9.99,,,,,
10180002,2003.714947,31.666,64.168,2570,2536.6541,,3.1826,3.2879,34.9571,260.61,-9.99,0.019,,,-9.99,,,,,
10180002,2003.714947,31.666,64.168,2572,2538.6164,,3.1803,3.2878,34.957,260.68,-9.99,0.022,,,-9.99,,,,,
10180002,2003.714947,31.666,64.168,2574,2540.5786,,3.1773,3.2876,34.9567,260.75,-9.99,0.022,,,-9.99,,,,,
10180002,2003.714947,31.666,64.168,2576,2542.5409,,3.1742,3.2874,34.9567,260.66,-9.99,0.027,,,-9.99,,,,,
10180002,2003.714947,31.666,64.168,2578,2544.5031,,3.1735,3.2874,34.9566,260.72,-9.99,0.025,,,-9.99,,,,,
10180002,2003.714947,31.666,64.168,2580,2546.4653,,3.1725,3.2874,34.9567,260.64,-9.99,0.022,,,-9.99,,,,,
10180002,2003.714947,31.666,64.168,2582,2548.4275,,3.1719,3.2874,34.9567,260.56,-9.99,0.02,,,-9.99,,,,,
10180002,2003.714947,31.666,64.168,2584,2550.3897,,3.1713,3.2874,34.9568,260.56,-9.99,0.016,,,-9.99,,,,,
10180002,2003.714947,31.666,64.168,2586,2552.3518,,3.1706,3.2874,34.9567,260.66,-9.99,0.015,,,-9.99,,,,,
10180002,2003.714947,31.666,64.168,2588,2554.314,,3.1695,3.2874,34.9566,260.62,-9.99,0.024,,,-9.99,,,,,
10180002,2003.714947,31.666,64.168,2590,2556.2761,,3.1682,3.2874,34.9565,260.68,-9.99,0.028,,,-9.99,,,,,
10180002,2003.714947,31.666,64.168,2592,2558.2382,,3.1677,3.2874,34.9565,260.57,-9.99,0.02,,,-9.99,,,,,
10180002,2003.714947,31.666,64.168,2594,2560.2003,,3.1669,3.2874,34.9565,260.57,-9.99,0.019,,,-9.99,,,,,
10180002,2003.714947,31.666,64.168,2596,2562.1624,,3.1664,3.2874,34.9566,260.55,-9.99,0.02,,,-9.99,,,,,
10180002,2003.714947,31.666,64.168,2598,2564.1244,,3.1658,3.2875,34.9566,260.54,-9.99,0.024,,,-9.99,,,,,
10180002,2003.714947,31.666,64.168,2600,2566.0865,,3.1647,3.2874,34.9565,260.65,-9.99,0.023,,,-9.99,,,,,
10180002,2003.714947,31.666,64.168,2602,2568.0485,,3.1634,3.2874,34.9564,260.66,-9.99,0.022,,,-9.99,,,,,
10180002,2003.714947,31.666,64.168,2604,2570.0105,,3.1619,3.2873,34.9563,260.65,-9.99,0.021,,,-9.99,,,,,
10180002,2003.714947,31.666,64.168,2606,2571.9725,,3.1593,3.2871,34.956,260.64,-9.99,0.02,,,-9.99,,,,,
10180002,2003.714947,31.666,64.168,2608,2573.9344,,3.1551,3.2868,34.9557,260.71,-9.99,0.022,,,-9.99,,,,,
10180002,2003.714947,31.666,64.168,2610,2575.8964,,3.1521,3.2866,34.9557,260.67,-9.99,0.024,,,-9.99,,,,,
10180002,2003.714947,31.666,64.168,2612,2577.8583,,3.1507,3.2866,34.9557,260.65,-9.99,0.026,,,-9.99,,,,,
10180002,2003.714947,31.666,64.168,2614,2579.8202,,3.1488,3.2865,34.9555,260.73,-9.99,0.019,,,-9.99,,,,,
10180002,2003.714947,31.666,64.168,2616,2581.7821,,3.1476,3.2865,34.9557,260.8,-9.99,0.023,,,-9.99,,,,,
10180002,2003.714947,31.666,64.168,2618,2583.744,,3.147,3.2865,34.9557,260.78,-9.99,0.025,,,-9.99,,,,,
10180002,2003.714947,31.666,64.168,2620,2585.7058,,3.1459,3.2865,34.9557,260.6,-9.99,0.026,,,-9.99,,,,,
10180002,2003.714947,31.666,64.168,2622,2587.6676,,3.1439,3.2864,34.9559,260.59,-9.99,0.018,,,-9.99,,,,,
10180002,2003.714947,31.666,64.168,2624,2589.6295,,3.1416,3.2863,34.9558,260.62,-9.99,0.021,,,-9.99,,,,,
10180002,2003.714947,31.666,64.168,2626,2591.5913,,3.1384,3.286,34.9556,260.56,-9.99,0.028,,,-9.99,,,,,
10180002,2003.714947,31.666,64.168,2628,2593.5531,,3.1359,3.2859,34.9553,260.61,-9.99,0.021,,,-9.99,,,,,
10180002,2003.714947,31.666,64.168,2630,2595.5148,,3.1338,3.2857,34.9551,260.66,-9.99,0.017,,,-9.99,,,,,
10180002,2003.714947,31.666,64.168,2632,2597.4766,,3.131,3.2855,34.9549,260.63,-9.99,0.018,,,-9.99,,,,,
10180002,2003.714947,31.666,64.168,2634,2599.4383,,3.1289,3.2854,34.9549,260.59,-9.99,0.018,,,-9.99,,,,,
10180002,2003.714947,31.666,64.168,2636,2601.4,,3.1269,3.2853,34.9549,260.54,-9.99,0.015,,,-9.99,,,,,
10180002,2003.714947,31.666,64.168,2638,2603.3617,,3.1253,3.2852,34.9546,260.63,-9.99,0.013,,,-9.99,,,,,
10180002,2003.714947,31.666,64.168,2640,2605.3234,,3.1201,3.2848,34.9538,260.67,-9.99,0.018,,,-9.99,,,,,
10180002,2003.714947,31.666,64.168,2642,2607.285,,3.1185,3.2847,34.9537,260.76,-9.99,0.021,,,-9.99,,,,,
10180002,2003.714947,31.666,64.168,2644,2609.2467,,3.1113,3.2842,34.9537,260.89,-9.99,0.013,,,-9.99,,,,,
10180002,2003.714947,31.666,64.168,2646,2611.2083,,3.1106,3.2842,34.9535,260.9,-9.99,0.011,,,-9.99,,,,,
10180002,2003.714947,31.666,64.168,2648,2613.1699,,3.1098,3.2842,34.9535,260.82,-9.99,0.014,,,-9.99,,,,,
10180002,2003.714947,31.666,64.168,2650,2615.1315,,3.1101,3.2843,34.9535,260.87,-9.99,0.013,,,-9.99,,,,,
10180002,2003.714947,31.666,64.168,2652,2617.0931,,3.1094,3.2843,34.9535,260.82,-9.99,0.022,,,-9.99,,,,,
10180002,2003.714947,31.666,64.168,2654,2619.0546,,3.1083,3.2843,34.9536,260.77,-9.99,0.021,,,-9.99,,,,,
10180002,2003.714947,31.666,64.168,2656,2621.0162,,3.1069,3.2842,34.9534,260.84,-9.99,0.02,,,-9.99,,,,,
10180002,2003.714947,31.666,64.168,2658,2622.9777,,3.1065,3.2843,34.9534,260.84,-9.99,0.019,,,-9.99,,,,,
10180002,2003.714947,31.666,64.168,2660,2624.9392,,3.1058,3.2843,34.9533,260.78,-9.99,0.016,,,-9.99,,,,,
10180002,2003.714947,31.666,64.168,2662,2626.9007,,3.1026,3.284,34.9532,260.81,-9.99,0.013,,,-9.99,,,,,
10180002,2003.714947,31.666,64.168,2664,2628.8621,,3.1008,3.284,34.9532,260.77,-9.99,0.02,,,-9.99,,,,,
10180002,2003.714947,31.666,64.168,2666,2630.8236,,3.0997,3.2839,34.9532,260.75,-9.99,0.029,,,-9.99,,,,,
10180002,2003.714947,31.666,64.168,2668,2632.785,,3.0996,3.284,34.9531,260.83,-9.99,0.023,,,-9.99,,,,,
10180002,2003.714947,31.666,64.168,2670,2634.7464,,3.0979,3.2839,34.953,260.91,-9.99,0.023,,,-9.99,,,,,
10180002,2003.714947,31.666,64.168,2672,2636.7078,,3.0968,3.2839,34.9529,260.83,-9.99,0.025,,,-9.99,,,,,
10180002,2003.714947,31.666,64.168,2674,2638.6692,,3.0959,3.2839,34.9529,260.78,-9.99,0.024,,,-9.99,,,,,
10180002,2003.714947,31.666,64.168,2676,2640.6305,,3.0955,3.2839,34.9528,260.68,-9.99,0.026,,,-9.99,,,,,
10180002,2003.714947,31.666,64.168,2678,2642.5919,,3.094,3.2838,34.9526,260.72,-9.99,0.028,,,-9.99,,,,,
10180002,2003.714947,31.666,64.168,2680,2644.5532,,3.0909,3.2836,34.9523,260.82,-9.99,0.031,,,-9.99,,,,,
10180002,2003.714947,31.666,64.168,2682,2646.5145,,3.0876,3.2834,34.9523,260.91,-9.99,0.028,,,-9.99,,,,,
10180002,2003.714947,31.666,64.168,2684,2648.4758,,3.087,3.2834,34.9522,260.92,-9.99,0.02,,,-9.99,,,,,
10180002,2003.714947,31.666,64.168,2686,2650.4371,,3.0859,3.2834,34.9523,260.82,-9.99,0.025,,,-9.99,,,,,
10180002,2003.714947,31.666,64.168,2688,2652.3983,,3.0848,3.2834,34.9524,260.9,-9.99,0.024,,,-9.99,,,,,
10180002,2003.714947,31.666,64.168,2690,2654.3596,,3.0844,3.2834,34.9524,260.9,-9.99,0.017,,,-9.99,,,,,
10180002,2003.714947,31.666,64.168,2692,2656.3208,,3.0812,3.2832,34.9521,260.86,-9.99,0.023,,,-9.99,,,,,
10180002,2003.714947,31.666,64.168,2694,2658.282,,3.0793,3.2831,34.952,260.92,-9.99,0.022,,,-9.99,,,,,
10180002,2003.714947,31.666,64.168,2696,2660.2431,,3.0783,3.2831,34.9518,260.98,-9.99,0.022,,,-9.99,,,,,
10180002,2003.714947,31.666,64.168,2698,2662.2043,,3.0753,3.2828,34.9513,261.04,-9.99,0.017,,,-9.99,,,,,
10180002,2003.714947,31.666,64.168,2700,2664.1655,,3.0718,3.2826,34.9511,260.98,-9.99,0.014,,,-9.99,,,,,
10180002,2003.714947,31.666,64.168,2702,2666.1266,,3.0656,3.2821,34.9505,261.15,-9.99,0.015,,,-9.99,,,,,
10180002,2003.714947,31.666,64.168,2704,2668.0877,,3.061,3.2817,34.9503,261.37,-9.99,0.013,,,-9.99,,,,,
10180002,2003.714947,31.666,64.168,2706,2670.0488,,3.0582,3.2815,34.95,261.44,-9.99,0.016,,,-9.99,,,,,
10180002,2003.714947,31.666,64.168,2708,2672.0099,,3.057,3.2815,34.9497,261.33,-9.99,0.018,,,-9.99,,,,,
10180002,2003.714947,31.666,64.168,2710,2673.9709,,3.0555,3.2814,34.9498,261.32,-9.99,0.019,,,-9.99,,,,,
10180002,2003.714947,31.666,64.168,2712,2675.9319,,3.0547,3.2815,34.9503,261.24,-9.99,0.022,,,-9.99,,,,,
10180002,2003.714947,31.666,64.168,2714,2677.893,,3.0515,3.2813,34.9502,261.21,-9.99,0.025,,,-9.99,,,,,
10180002,2003.714947,31.666,64.168,2716,2679.854,,3.0471,3.2809,34.95,261.21,-9.99,0.014,,,-9.99,,,,,
10180002,2003.714947,31.666,64.168,2718,2681.815,,3.0404,3.2804,34.9495,261.35,-9.99,0.012,,,-9.99,,,,,
10180002,2003.714947,31.666,64.168,2720,2683.7759,,3.0389,3.2803,34.9495,261.42,-9.99,0.016,,,-9.99,,,,,
10180002,2003.714947,31.666,64.168,2722,2685.7369,,3.0392,3.2804,34.9494,261.33,-9.99,0.023,,,-9.99,,,,,
10180002,2003.714947,31.666,64.168,2724,2687.6978,,3.0371,3.2803,34.9494,261.35,-9.99,0.02,,,-9.99,,,,,
10180002,2003.714947,31.666,64.168,2726,2689.6587,,3.0348,3.2802,34.9492,261.42,-9.99,0.015,,,-9.99,,,,,
10180002,2003.714947,31.666,64.168,2728,2691.6196,,3.0311,3.2799,34.9488,261.51,-9.99,0.019,,,-9.99,,,,,
10180002,2003.714947,31.666,64.168,2730,2693.5805,,3.0279,3.2796,34.9486,261.48,-9.99,0.021,,,-9.99,,,,,
10180002,2003.714947,31.666,64.168,2732,2695.5414,,3.0267,3.2796,34.9486,261.55,-9.99,0.023,,,-9.99,,,,,
10180002,2003.714947,31.666,64.168,2734,2697.5022,,3.0266,3.2797,34.9487,261.45,-9.99,0.02,,,-9.99,,,,,
10180002,2003.714947,31.666,64.168,2736,2699.463,,3.0263,3.2797,34.9487,261.42,-9.99,0.016,,,-9.99,,,,,
10180002,2003.714947,31.666,64.168,2738,2701.4238,,3.0256,3.2798,34.9487,261.43,-9.99,0.017,,,-9.99,,,,,
10180002,2003.714947,31.666,64.168,2740,2703.3846,,3.0208,3.2793,34.9479,261.56,-9.99,0.019,,,-9.99,,,,,
10180002,2003.714947,31.666,64.168,2742,2705.3454,,3.0168,3.279,34.9477,261.58,-9.99,0.02,,,-9.99,,,,,
10180002,2003.714947,31.666,64.168,2744,2707.3061,,3.011,3.2786,34.9473,261.64,-9.99,0.021,,,-9.99,,,,,
10180002,2003.714947,31.666,64.168,2746,2709.2669,,3.0093,3.2785,34.9474,261.64,-9.99,0.022,,,-9.99,,,,,
10180002,2003.714947,31.666,64.168,2748,2711.2276,,3.0074,3.2784,34.9475,261.68,-9.99,0.024,,,-9.99,,,,,
10180002,2003.714947,31.666,64.168,2750,2713.1883,,3.0065,3.2784,34.9474,261.76,-9.99,0.025,,,-9.99,,,,,
10180002,2003.714947,31.666,64.168,2752,2715.149,,3.0071,3.2786,34.9475,261.68,-9.99,0.019,,,-9.99,,,,,
10180002,2003.714947,31.666,64.168,2754,2717.1096,,3.0073,3.2787,34.9476,261.62,-9.99,0.018,,,-9.99,,,,,
10180002,2003.714947,31.666,64.168,2756,2719.0703,,3.007,3.2787,34.9475,261.7,-9.99,0.023,,,-9.99,,,,,
10180002,2003.714947,31.666,64.168,2758,2721.0309,,3.0012,3.2782,34.9465,261.9,-9.99,0.019,,,-9.99,,,,,
10180002,2003.714947,31.666,64.168,2760,2722.9915,,2.9919,3.2774,34.9456,262.09,-9.99,0.021,,,-9.99,,,,,
10180002,2003.714947,31.666,64.168,2762,2724.9521,,2.9905,3.2773,34.9458,262.08,-9.99,0.024,,,-9.99,,,,,
10180002,2003.714947,31.666,64.168,2764,2726.9127,,2.9895,3.2773,34.946,262.12,-9.99,0.026,,,-9.99,,,,,
10180002,2003.714947,31.666,64.168,2766,2728.8733,,2.9886,3.2773,34.946,262.17,-9.99,0.023,,,-9.99,,,,,
10180002,2003.714947,31.666,64.168,2768,2730.8338,,2.988,3.2773,34.946,262.18,-9.99,0.016,,,-9.99,,,,,
10180002,2003.714947,31.666,64.168,2770,2732.7943,,2.9874,3.2774,34.9459,262.1,-9.99,0.011,,,-9.99,,,,,
10180002,2003.714947,31.666,64.168,2772,2734.7548,,2.9875,3.2774,34.9458,261.96,-9.99,0.019,,,-9.99,,,,,
10180002,2003.714947,31.666,64.168,2774,2736.7153,,2.9862,3.2774,34.9461,262,-9.99,0.029,,,-9.99,,,,,
10180002,2003.714947,31.666,64.168,2776,2738.6758,,2.9856,3.2774,34.9461,262.07,-9.99,0.033,,,-9.99,,,,,
10180002,2003.714947,31.666,64.168,2778,2740.6363,,2.9849,3.2775,34.9461,262.13,-9.99,0.028,,,-9.99,,,,,
10180002,2003.714947,31.666,64.168,2780,2742.5967,,2.9845,3.2775,34.946,261.99,-9.99,0.022,,,-9.99,,,,,
10180002,2003.714947,31.666,64.168,2782,2744.5571,,2.9839,3.2775,34.9461,262.05,-9.99,0.022,,,-9.99,,,,,
10180002,2003.714947,31.666,64.168,2784,2746.5175,,2.9829,3.2775,34.9458,262.04,-9.99,0.021,,,-9.99,,,,,
10180002,2003.714947,31.666,64.168,2786,2748.4779,,2.98,3.2773,34.9456,262.01,-9.99,0.018,,,-9.99,,,,,
10180002,2003.714947,31.666,64.168,2788,2750.4383,,2.977,3.2771,34.9456,262.05,-9.99,0.014,,,-9.99,,,,,
10180002,2003.714947,31.666,64.168,2790,2752.3986,,2.9757,3.277,34.9454,262.1,-9.99,0.02,,,-9.99,,,,,
10180002,2003.714947,31.666,64.168,2792,2754.3589,,2.974,3.277,34.9452,262.06,-9.99,0.022,,,-9.99,,,,,
10180002,2003.714947,31.666,64.168,2794,2756.3192,,2.9705,3.2767,34.9453,262.07,-9.99,0.02,,,-9.99,,,,,
10180002,2003.714947,31.666,64.168,2796,2758.2795,,2.9699,3.2767,34.945,262.15,-9.99,0.02,,,-9.99,,,,,
10180002,2003.714947,31.666,64.168,2798,2760.2398,,2.9675,3.2766,34.9452,262.02,-9.99,0.022,,,-9.99,,,,,
10180002,2003.714947,31.666,64.168,2800,2762.2001,,2.9663,3.2766,34.9451,262.08,-9.99,0.021,,,-9.99,,,,,
10180002,2003.714947,31.666,64.168,2802,2764.1603,,2.9654,3.2766,34.945,262.1,-9.99,0.02,,,-9.99,,,,,
10180002,2003.714947,31.666,64.168,2804,2766.1205,,2.9644,3.2766,34.9451,262.11,-9.99,0.021,,,-9.99,,,,,
10180002,2003.714947,31.666,64.168,2806,2768.0807,,2.9638,3.2766,34.9452,262.07,-9.99,0.018,,,-9.99,,,,,
10180002,2003.714947,31.666,64.168,2808,2770.0409,,2.9625,3.2765,34.9448,262.13,-9.99,0.018,,,-9.99,,,,,
10180002,2003.714947,31.666,64.168,2810,2772.0011,,2.9628,3.2766,34.9449,262.06,-9.99,0.015,,,-9.99,,,,,
10180002,2003.714947,31.666,64.168,2812,2773.9613,,2.9624,3.2767,34.9449,262.01,-9.99,0.014,,,-9.99,,,,,
10180002,2003.714947,31.666,64.168,2814,2775.9214,,2.961,3.2766,34.9448,262.09,-9.99,0.012,,,-9.99,,,,,
10180002,2003.714947,31.666,64.168,2816,2777.8815,,2.9592,3.2765,34.9446,262.16,-9.99,0.02,,,-9.99,,,,,
10180002,2003.714947,31.666,64.168,2818,2779.8416,,2.9573,3.2764,34.9445,262.2,-9.99,0.021,,,-9.99,,,,,
10180002,2003.714947,31.666,64.168,2820,2781.8017,,2.9559,3.2763,34.9443,262.17,-9.99,0.02,,,-9.99,,,,,
10180002,2003.714947,31.666,64.168,2822,2783.7617,,2.9542,3.2763,34.9441,262.1,-9.99,0.02,,,-9.99,,,,,
10180002,2003.714947,31.666,64.168,2824,2785.7218,,2.9512,3.2761,34.944,262.03,-9.99,0.023,,,-9.99,,,,,
10180002,2003.714947,31.666,64.168,2826,2787.6818,,2.9496,3.276,34.9439,262.11,-9.99,0.022,,,-9.99,,,,,
10180002,2003.714947,31.666,64.168,2828,2789.6418,,2.9482,3.2759,34.9439,262.19,-9.99,0.023,,,-9.99,,,,,
10180002,2003.714947,31.666,64.168,2830,2791.6018,,2.9467,3.2759,34.9438,262.26,-9.99,0.025,,,-9.99,,,,,
10180002,2003.714947,31.666,64.168,2832,2793.5618,,2.944,3.2757,34.9435,262.34,-9.99,0.02,,,-9.99,,,,,
10180002,2003.714947,31.666,64.168,2834,2795.5218,,2.9419,3.2756,34.9433,262.38,-9.99,0.016,,,-9.99,,,,,
10180002,2003.714947,31.666,64.168,2836,2797.4817,,2.9373,3.2752,34.943,262.41,-9.99,0.014,,,-9.99,,,,,
10180002,2003.714947,31.666,64.168,2838,2799.4416,,2.9347,3.275,34.9429,262.42,-9.99,0.021,,,-9.99,,,,,
10180002,2003.714947,31.666,64.168,2840,2801.4015,,2.9335,3.275,34.9428,262.47,-9.99,0.024,,,-9.99,,,,,
10180002,2003.714947,31.666,64.168,2842,2803.3614,,2.9318,3.2749,34.9427,262.55,-9.99,0.026,,,-9.99,,,,,
10180002,2003.714947,31.666,64.168,2844,2805.3213,,2.9285,3.2747,34.9424,262.65,-9.99,0.029,,,-9.99,,,,,
10180002,2003.714947,31.666,64.168,2846,2807.2811,,2.9254,3.2744,34.9419,262.74,-9.99,0.018,,,-9.99,,,,,
10180002,2003.714947,31.666,64.168,2848,2809.241,,2.9218,3.2742,34.9416,262.84,-9.99,0.011,,,-9.99,,,,,
10180002,2003.714947,31.666,64.168,2850,2811.2008,,2.9188,3.274,34.9414,262.88,-9.99,0.017,,,-9.99,,,,,
10180002,2003.714947,31.666,64.168,2852,2813.1606,,2.9151,3.2737,34.9412,262.83,-9.99,0.015,,,-9.99,,,,,
10180002,2003.714947,31.666,64.168,2854,2815.1204,,2.9094,3.2732,34.941,262.91,-9.99,0.023,,,-9.99,,,,,
10180002,2003.714947,31.666,64.168,2856,2817.0801,,2.9069,3.2731,34.9408,263,-9.99,0.025,,,-9.99,,,,,
10180002,2003.714947,31.666,64.168,2858,2819.0399,,2.905,3.273,34.9407,263.08,-9.99,0.011,,,-9.99,,,,,
10180002,2003.714947,31.666,64.168,2860,2820.9996,,2.9024,3.2728,34.9407,262.99,-9.99,0.017,,,-9.99,,,,,
10180002,2003.714947,31.666,64.168,2862,2822.9593,,2.8999,3.2727,34.9406,263.02,-9.99,0.018,,,-9.99,,,,,
10180002,2003.714947,31.666,64.168,2864,2824.919,,2.8973,3.2725,34.9406,263.1,-9.99,0.021,,,-9.99,,,,,
10180002,2003.714947,31.666,64.168,2866,2826.8787,,2.8927,3.2721,34.9401,263.2,-9.99,0.024,,,-9.99,,,,,
10180002,2003.714947,31.666,64.168,2868,2828.8383,,2.8875,3.2717,34.9398,263.32,-9.99,0.023,,,-9.99,,,,,
10180002,2003.714947,31.666,64.168,2870,2830.798,,2.8858,3.2717,34.9397,263.27,-9.99,0.018,,,-9.99,,,,,
10180002,2003.714947,31.666,64.168,2872,2832.7576,,2.8847,3.2716,34.9397,263.16,-9.99,0.013,,,-9.99,,,,,
10180002,2003.714947,31.666,64.168,2874,2834.7172,,2.8825,3.2715,34.9396,263.11,-9.99,0.018,,,-9.99,,,,,
10180002,2003.714947,31.666,64.168,2876,2836.6768,,2.8776,3.2711,34.9392,263.21,-9.99,0.017,,,-9.99,,,,,
10180002,2003.714947,31.666,64.168,2878,2838.6364,,2.8745,3.2709,34.9391,263.33,-9.99,0.018,,,-9.99,,,,,
10180002,2003.714947,31.666,64.168,2880,2840.5959,,2.8728,3.2708,34.939,263.38,-9.99,0.015,,,-9.99,,,,,
10180002,2003.714947,31.666,64.168,2882,2842.5554,,2.8715,3.2708,34.9388,263.45,-9.99,0.013,,,-9.99,,,,,
10180002,2003.714947,31.666,64.168,2884,2844.515,,2.8706,3.2708,34.9387,263.52,-9.99,0.022,,,-9.99,,,,,
10180002,2003.714947,31.666,64.168,2886,2846.4745,,2.8675,3.2706,34.9387,263.52,-9.99,0.019,,,-9.99,,,,,
10180002,2003.714947,31.666,64.168,2888,2848.4339,,2.8654,3.2704,34.9385,263.47,-9.99,0.018,,,-9.99,,,,,
10180002,2003.714947,31.666,64.168,2890,2850.3934,,2.8644,3.2704,34.9385,263.54,-9.99,0.016,,,-9.99,,,,,
10180002,2003.714947,31.666,64.168,2892,2852.3529,,2.8634,3.2704,34.9384,263.61,-9.99,0.02,,,-9.99,,,,,
10180002,2003.714947,31.666,64.168,2894,2854.3123,,2.8596,3.2701,34.938,263.71,-9.99,0.022,,,-9.99,,,,,
10180002,2003.714947,31.666,64.168,2896,2856.2717,,2.8576,3.27,34.9379,263.68,-9.99,0.02,,,-9.99,,,,,
10180002,2003.714947,31.666,64.168,2898,2858.2311,,2.8557,3.2699,34.9379,263.64,-9.99,0.017,,,-9.99,,,,,
10180002,2003.714947,31.666,64.168,2900,2860.1905,,2.855,3.2699,34.9379,263.64,-9.99,0.017,,,-9.99,,,,,
10180002,2003.714947,31.666,64.168,2902,2862.1498,,2.8541,3.2699,34.9378,263.61,-9.99,0.013,,,-9.99,,,,,
10180002,2003.714947,31.666,64.168,2904,2864.1092,,2.8525,3.2698,34.9376,263.62,-9.99,0.012,,,-9.99,,,,,
10180002,2003.714947,31.666,64.168,2906,2866.0685,,2.8498,3.2696,34.9375,263.63,-9.99,0.016,,,-9.99,,,,,
10180002,2003.714947,31.666,64.168,2908,2868.0278,,2.8473,3.2695,34.9375,263.61,-9.99,0.016,,,-9.99,,,,,
10180002,2003.714947,31.666,64.168,2910,2869.9871,,2.8444,3.2693,34.9374,263.66,-9.99,0.019,,,-9.99,,,,,
10180002,2003.714947,31.666,64.168,2912,2871.9463,,2.8407,3.269,34.9371,263.66,-9.99,0.022,,,-9.99,,,,,
10180002,2003.714947,31.666,64.168,2914,2873.9056,,2.8374,3.2688,34.9368,263.66,-9.99,0.023,,,-9.99,,,,,
10180002,2003.714947,31.666,64.168,2916,2875.8648,,2.8344,3.2686,34.9366,263.71,-9.99,0.019,,,-9.99,,,,,
10180002,2003.714947,31.666,64.168,2918,2877.824,,2.8279,3.268,34.9361,263.84,-9.99,0.018,,,-9.99,,,,,
10180002,2003.714947,31.666,64.168,2920,2879.7832,,2.8198,3.2674,34.9356,263.98,-9.99,0.021,,,-9.99,,,,,
10180002,2003.714947,31.666,64.168,2922,2881.7424,,2.8163,3.2671,34.9357,263.93,-9.99,0.022,,,-9.99,,,,,
10180002,2003.714947,31.666,64.168,2924,2883.7016,,2.8159,3.2672,34.9356,263.92,-9.99,0.022,,,-9.99,,,,,
10180002,2003.714947,31.666,64.168,2926,2885.6607,,2.8142,3.2671,34.9356,263.99,-9.99,0.022,,,-9.99,,,,,
10180002,2003.714947,31.666,64.168,2928,2887.6199,,2.813,3.2671,34.9355,264.04,-9.99,0.018,,,-9.99,,,,,
10180002,2003.714947,31.666,64.168,2930,2889.579,,2.8119,3.267,34.9356,263.96,-9.99,0.014,,,-9.99,,,,,
10180002,2003.714947,31.666,64.168,2932,2891.5381,,2.8107,3.267,34.9353,263.98,-9.99,0.012,,,-9.99,,,,,
10180002,2003.714947,31.666,64.168,2934,2893.4971,,2.8079,3.2668,34.9352,264.06,-9.99,0.015,,,-9.99,,,,,
10180002,2003.714947,31.666,64.168,2936,2895.4562,,2.8069,3.2668,34.9351,263.95,-9.99,0.02,,,-9.99,,,,,
10180002,2003.714947,31.666,64.168,2938,2897.4152,,2.8068,3.2669,34.9351,263.95,-9.99,0.016,,,-9.99,,,,,
10180002,2003.714947,31.666,64.168,2940,2899.3743,,2.8058,3.2668,34.935,264.03,-9.99,0.008,,,-9.99,,,,,
10180002,2003.714947,31.666,64.168,2942,2901.3333,,2.8042,3.2668,34.9348,264.1,-9.99,0.008,,,-9.99,,,,,
10180002,2003.714947,31.666,64.168,2944,2903.2922,,2.8026,3.2667,34.9347,264.17,-9.99,0.011,,,-9.99,,,,,
10180002,2003.714947,31.666,64.168,2946,2905.2512,,2.7994,3.2665,34.9346,264.27,-9.99,0.019,,,-9.99,,,,,
10180002,2003.714947,31.666,64.168,2948,2907.2102,,2.7966,3.2663,34.9343,264.36,-9.99,0.024,,,-9.99,,,,,
10180002,2003.714947,31.666,64.168,2950,2909.1691,,2.7944,3.2661,34.9342,264.36,-9.99,0.022,,,-9.99,,,,,
10180002,2003.714947,31.666,64.168,2952,2911.128,,2.7913,3.2659,34.9339,264.3,-9.99,0.014,,,-9.99,,,,,
10180002,2003.714947,31.666,64.168,2954,2913.0869,,2.7875,3.2656,34.9337,264.41,-9.99,0.015,,,-9.99,,,,,
10180002,2003.714947,31.666,64.168,2956,2915.0458,,2.7868,3.2656,34.9336,264.44,-9.99,0.026,,,-9.99,,,,,
10180002,2003.714947,31.666,64.168,2958,2917.0047,,2.7869,3.2657,34.9337,264.28,-9.99,0.018,,,-9.99,,,,,
10180002,2003.714947,31.666,64.168,2960,2918.9635,,2.7853,3.2657,34.9335,264.38,-9.99,0.015,,,-9.99,,,,,
10180002,2003.714947,31.666,64.168,2962,2920.9223,,2.778,3.265,34.9329,264.52,-9.99,0.012,,,-9.99,,,,,
10180002,2003.714947,31.666,64.168,2964,2922.8812,,2.7723,3.2646,34.9325,264.64,-9.99,0.013,,,-9.99,,,,,
10180002,2003.714947,31.666,64.168,2966,2924.8399,,2.766,3.2641,34.9322,264.74,-9.99,0.022,,,-9.99,,,,,
10180002,2003.714947,31.666,64.168,2968,2926.7987,,2.7664,3.2642,34.9323,264.73,-9.99,0.024,,,-9.99,,,,,
10180002,2003.714947,31.666,64.168,2970,2928.7575,,2.7644,3.2641,34.9323,264.73,-9.99,0.03,,,-9.99,,,,,
10180002,2003.714947,31.666,64.168,2972,2930.7162,,2.7626,3.264,34.932,264.76,-9.99,0.031,,,-9.99,,,,,
10180002,2003.714947,31.666,64.168,2974,2932.6749,,2.7577,3.2636,34.9318,264.87,-9.99,0.023,,,-9.99,,,,,
10180002,2003.714947,31.666,64.168,2976,2934.6336,,2.7566,3.2636,34.9318,264.94,-9.99,0.021,,,-9.99,,,,,
10180002,2003.714947,31.666,64.168,2978,2936.5923,,2.7559,3.2636,34.9318,265,-9.99,0.021,,,-9.99,,,,,
10180002,2003.714947,31.666,64.168,2980,2938.551,,2.754,3.2635,34.9315,264.99,-9.99,0.024,,,-9.99,,,,,
10180002,2003.714947,31.666,64.168,2982,2940.5097,,2.7512,3.2633,34.9314,264.95,-9.99,0.024,,,-9.99,,,,,
10180002,2003.714947,31.666,64.168,2984,2942.4683,,2.7489,3.2631,34.9311,265.01,-9.99,0.027,,,-9.99,,,,,
10180002,2003.714947,31.666,64.168,2986,2944.4269,,2.7452,3.2629,34.9309,265.11,-9.99,0.029,,,-9.99,,,,,
10180002,2003.714947,31.666,64.168,2988,2946.3855,,2.7425,3.2627,34.9308,265.2,-9.99,0.022,,,-9.99,,,,,
10180002,2003.714947,31.666,64.168,2990,2948.3441,,2.7426,3.2628,34.9309,265.26,-9.99,0.018,,,-9.99,,,,,
10180002,2003.714947,31.666,64.168,2992,2950.3027,,2.7424,3.2628,34.9309,265.29,-9.99,0.017,,,-9.99,,,,,
10180002,2003.714947,31.666,64.168,2994,2952.2612,,2.7425,3.2629,34.9309,265.19,-9.99,0.014,,,-9.99,,,,,
10180002,2003.714947,31.666,64.168,2996,2954.2197,,2.7426,3.263,34.9308,265.21,-9.99,0.018,,,-9.99,,,,,
10180002,2003.714947,31.666,64.168,2998,2956.1782,,2.7418,3.263,34.9307,265.28,-9.99,0.025,,,-9.99,,,,,
10180002,2003.714947,31.666,64.168,3000,2958.1367,,2.7398,3.2629,34.9305,265.16,-9.99,0.022,,,-9.99,,,,,
10180002,2003.714947,31.666,64.168,3002,2960.0952,,2.7403,3.263,34.9306,265.19,-9.99,0.022,,,-9.99,,,,,
10180002,2003.714947,31.666,64.168,3004,2962.0537,,2.7395,3.263,34.9306,265.26,-9.99,0.025,,,-9.99,,,,,
10180002,2003.714947,31.666,64.168,3006,2964.0121,,2.7389,3.263,34.9306,265.32,-9.99,0.024,,,-9.99,,,,,
10180002,2003.714947,31.666,64.168,3008,2965.9705,,2.739,3.2631,34.9303,265.19,-9.99,0.021,,,-9.99,,,,,
10180002,2003.714947,31.666,64.168,3010,2967.929,,2.7353,3.2628,34.9302,265.25,-9.99,0.022,,,-9.99,,,,,
10180002,2003.714947,31.666,64.168,3012,2969.8873,,2.7324,3.2626,34.93,265.31,-9.99,0.02,,,-9.99,,,,,
10180002,2003.714947,31.666,64.168,3014,2971.8457,,2.7285,3.2623,34.9297,265.2,-9.99,0.025,,,-9.99,,,,,
10180002,2003.714947,31.666,64.168,3016,2973.8041,,2.7261,3.2622,34.9296,265.3,-9.99,0.018,,,-9.99,,,,,
10180002,2003.714947,31.666,64.168,3018,2975.7624,,2.7243,3.2621,34.9295,265.38,-9.99,0.022,,,-9.99,,,,,
10180002,2003.714947,31.666,64.168,3020,2977.7207,,2.7225,3.262,34.9296,265.46,-9.99,0.018,,,-9.99,,,,,
10180002,2003.714947,31.666,64.168,3022,2979.679,,2.721,3.262,34.9295,265.5,-9.99,0.007,,,-9.99,,,,,
10180002,2003.714947,31.666,64.168,3024,2981.6373,,2.7207,3.262,34.9295,265.35,-9.99,0.005,,,-9.99,,,,,
10180002,2003.714947,31.666,64.168,3026,2983.5956,,2.7201,3.262,34.9295,265.42,-9.99,0.004,,,-9.99,,,,,
10180002,2003.714947,31.666,64.168,3028,2985.5538,,2.7196,3.2621,34.9294,265.44,-9.99,0.009,,,-9.99,,,,,
10180002,2003.714947,31.666,64.168,3030,2987.5121,,2.7169,3.2619,34.9291,265.41,-9.99,0.014,,,-9.99,,,,,
10180002,2003.714947,31.666,64.168,3032,2989.4703,,2.7146,3.2617,34.929,265.42,-9.99,0.016,,,-9.99,,,,,
10180002,2003.714947,31.666,64.168,3034,2991.4285,,2.713,3.2617,34.929,265.5,-9.99,0.022,,,-9.99,,,,,
10180002,2003.714947,31.666,64.168,3036,2993.3866,,2.7124,3.2617,34.9288,265.57,-9.99,0.023,,,-9.99,,,,,
10180002,2003.714947,31.666,64.168,3038,2995.3448,,2.7121,3.2617,34.9288,265.41,-9.99,0.027,,,-9.99,,,,,
10180002,2003.714947,31.666,64.168,3040,2997.3029,,2.711,3.2617,34.9288,265.47,-9.99,0.016,,,-9.99,,,,,
10180002,2003.714947,31.666,64.168,3042,2999.2611,,2.7072,3.2614,34.9285,265.57,-9.99,0.011,,,-9.99,,,,,
10180002,2003.714947,31.666,64.168,3044,3001.2192,,2.7047,3.2613,34.9284,265.6,-9.99,0.013,,,-9.99,,,,,
10180002,2003.714947,31.666,64.168,3046,3003.1773,,2.7044,3.2613,34.9284,265.54,-9.99,0.009,,,-9.99,,,,,
10180002,2003.714947,31.666,64.168,3048,3005.1353,,2.7043,3.2614,34.9283,265.55,-9.99,0.007,,,-9.99,,,,,
10180002,2003.714947,31.666,64.168,3050,3007.0934,,2.7043,3.2614,34.9284,265.62,-9.99,0.019,,,-9.99,,,,,
10180002,2003.714947,31.666,64.168,3052,3009.0514,,2.7042,3.2615,34.9283,265.62,-9.99,0.015,,,-9.99,,,,,
10180002,2003.714947,31.666,64.168,3054,3011.0094,,2.7038,3.2615,34.9283,265.61,-9.99,0.015,,,-9.99,,,,,
10180002,2003.714947,31.666,64.168,3056,3012.9675,,2.7031,3.2615,34.9282,265.61,-9.99,0.015,,,-9.99,,,,,
10180002,2003.714947,31.666,64.168,3058,3014.9254,,2.7007,3.2614,34.928,265.67,-9.99,0.011,,,-9.99,,,,,
10180002,2003.714947,31.666,64.168,3060,3016.8834,,2.6968,3.2611,34.9278,265.77,-9.99,0.005,,,-9.99,,,,,
10180002,2003.714947,31.666,64.168,3062,3018.8414,,2.6953,3.261,34.9277,265.72,-9.99,0.002,,,-9.99,,,,,
10180002,2003.714947,31.666,64.168,3064,3020.7993,,2.6926,3.2609,34.9276,265.72,-9.99,0.013,,,-9.99,,,,,
10180002,2003.714947,31.666,64.168,3066,3022.7572,,2.6899,3.2607,34.9275,265.77,-9.99,0.019,,,-9.99,,,,,
10180002,2003.714947,31.666,64.168,3068,3024.7151,,2.6851,3.2603,34.9271,265.88,-9.99,0.015,,,-9.99,,,,,
10180002,2003.714947,31.666,64.168,3070,3026.673,,2.6806,3.26,34.9267,265.91,-9.99,0.013,,,-9.99,,,,,
10180002,2003.714947,31.666,64.168,3072,3028.6308,,2.6793,3.2599,34.9267,265.83,-9.99,0.021,,,-9.99,,,,,
10180002,2003.714947,31.666,64.168,3074,3030.5887,,2.6777,3.2598,34.9266,265.84,-9.99,0.022,,,-9.99,,,,,
10180002,2003.714947,31.666,64.168,3076,3032.5465,,2.6753,3.2597,34.9265,265.77,-9.99,0.01,,,-9.99,,,,,
10180002,2003.714947,31.666,64.168,3078,3034.5043,,2.6727,3.2595,34.9263,265.85,-9.99,0.012,,,-9.99,,,,,
10180002,2003.714947,31.666,64.168,3080,3036.4621,,2.6699,3.2593,34.9262,265.94,-9.99,0.019,,,-9.99,,,,,
10180002,2003.714947,31.666,64.168,3082,3038.4199,,2.6668,3.2591,34.9259,266,-9.99,0.013,,,-9.99,,,,,
10180002,2003.714947,31.666,64.168,3084,3040.3776,,2.6645,3.259,34.9259,265.85,-9.99,0.019,,,-9.99,,,,,
10180002,2003.714947,31.666,64.168,3086,3042.3354,,2.6641,3.259,34.9259,265.95,-9.99,0.017,,,-9.99,,,,,
10180002,2003.714947,31.666,64.168,3088,3044.2931,,2.6631,3.259,34.9259,266.02,-9.99,0.013,,,-9.99,,,,,
10180002,2003.714947,31.666,64.168,3090,3046.2508,,2.6622,3.259,34.9258,266.09,-9.99,0.014,,,-9.99,,,,,
10180002,2003.714947,31.666,64.168,3092,3048.2085,,2.6612,3.259,34.9257,266.06,-9.99,0.018,,,-9.99,,,,,
10180002,2003.714947,31.666,64.168,3094,3050.1662,,2.6582,3.2588,34.9256,265.99,-9.99,0.021,,,-9.99,,,,,
10180002,2003.714947,31.666,64.168,3096,3052.1238,,2.6569,3.2587,34.9255,266.1,-9.99,0.023,,,-9.99,,,,,
10180002,2003.714947,31.666,64.168,3098,3054.0814,,2.6554,3.2587,34.9254,266.17,-9.99,0.016,,,-9.99,,,,,
10180002,2003.714947,31.666,64.168,3100,3056.0391,,2.6536,3.2586,34.9252,266.25,-9.99,0.012,,,-9.99,,,,,
10180002,2003.714947,31.666,64.168,3102,3057.9967,,2.6496,3.2583,34.9248,266.24,-9.99,0.014,,,-9.99,,,,,
10180002,2003.714947,31.666,64.168,3104,3059.9542,,2.6458,3.258,34.9245,266.19,-9.99,0.014,,,-9.99,,,,,
10180002,2003.714947,31.666,64.168,3106,3061.9118,,2.6406,3.2576,34.9245,266.18,-9.99,0.017,,,-9.99,,,,,
10180002,2003.714947,31.666,64.168,3108,3063.8694,,2.6375,3.2574,34.9243,266.18,-9.99,0.01,,,-9.99,,,,,
10180002,2003.714947,31.666,64.168,3110,3065.8269,,2.6343,3.2572,34.9241,266.27,-9.99,0.005,,,-9.99,,,,,
10180002,2003.714947,31.666,64.168,3112,3067.7844,,2.6316,3.257,34.924,266.36,-9.99,0.012,,,-9.99,,,,,
10180002,2003.714947,31.666,64.168,3114,3069.7419,,2.6305,3.257,34.9239,266.43,-9.99,0.018,,,-9.99,,,,,
10180002,2003.714947,31.666,64.168,3116,3071.6994,,2.6301,3.257,34.9237,266.29,-9.99,0.02,,,-9.99,,,,,
10180002,2003.714947,31.666,64.168,3118,3073.6568,,2.6284,3.2569,34.9238,266.34,-9.99,0.02,,,-9.99,,,,,
10180002,2003.714947,31.666,64.168,3120,3075.6143,,2.6267,3.2568,34.9236,266.29,-9.99,0.021,,,-9.99,,,,,
10180002,2003.714947,31.666,64.168,3122,3077.5717,,2.6251,3.2567,34.9235,266.26,-9.99,0.027,,,-9.99,,,,,
10180002,2003.714947,31.666,64.168,3124,3079.5291,,2.6234,3.2567,34.9234,266.35,-9.99,0.019,,,-9.99,,,,,
10180002,2003.714947,31.666,64.168,3126,3081.4865,,2.6216,3.2566,34.9233,266.42,-9.99,0.018,,,-9.99,,,,,
10180002,2003.714947,31.666,64.168,3128,3083.4439,,2.6201,3.2565,34.9232,266.43,-9.99,0.023,,,-9.99,,,,,
10180002,2003.714947,31.666,64.168,3130,3085.4012,,2.6168,3.2563,34.923,266.38,-9.99,0.012,,,-9.99,,,,,
10180002,2003.714947,31.666,64.168,3132,3087.3585,,2.6143,3.2561,34.923,266.43,-9.99,0.009,,,-9.99,,,,,
10180002,2003.714947,31.666,64.168,3134,3089.3159,,2.614,3.2562,34.9229,266.49,-9.99,0.014,,,-9.99,,,,,
10180002,2003.714947,31.666,64.168,3136,3091.2732,,2.613,3.2561,34.9229,266.54,-9.99,0.022,,,-9.99,,,,,
10180002,2003.714947,31.666,64.168,3138,3093.2304,,2.6121,3.2561,34.9228,266.43,-9.99,0.024,,,-9.99,,,,,
10180002,2003.714947,31.666,64.168,3140,3095.1877,,2.6112,3.2561,34.9226,266.47,-9.99,0.028,,,-9.99,,,,,
10180002,2003.714947,31.666,64.168,3142,3097.145,,2.607,3.2558,34.9224,266.58,-9.99,0.025,,,-9.99,,,,,
10180002,2003.714947,31.666,64.168,3144,3099.1022,,2.6038,3.2556,34.9223,266.64,-9.99,0.021,,,-9.99,,,,,
10180002,2003.714947,31.666,64.168,3146,3101.0594,,2.6024,3.2555,34.9221,266.62,-9.99,0.019,,,-9.99,,,,,
10180002,2003.714947,31.666,64.168,3148,3103.0166,,2.6015,3.2555,34.9221,266.59,-9.99,0.018,,,-9.99,,,,,
10180002,2003.714947,31.666,64.168,3150,3104.9738,,2.6,3.2554,34.922,266.53,-9.99,0.015,,,-9.99,,,,,
10180002,2003.714947,31.666,64.168,3152,3106.9309,,2.5979,3.2553,34.9219,266.5,-9.99,0.015,,,-9.99,,,,,
10180002,2003.714947,31.666,64.168,3154,3108.8881,,2.5969,3.2553,34.9218,266.58,-9.99,0.016,,,-9.99,,,,,
10180002,2003.714947,31.666,64.168,3156,3110.8452,,2.5944,3.2551,34.9217,266.66,-9.99,0.016,,,-9.99,,,,,
10180002,2003.714947,31.666,64.168,3158,3112.8023,,2.5925,3.255,34.9215,266.75,-9.99,0.013,,,-9.99,,,,,
10180002,2003.714947,31.666,64.168,3160,3114.7594,,2.5897,3.2548,34.9213,266.83,-9.99,0.013,,,-9.99,,,,,
10180002,2003.714947,31.666,64.168,3162,3116.7165,,2.5886,3.2548,34.9212,266.69,-9.99,0.017,,,-9.99,,,,,
10180002,2003.714947,31.666,64.168,3164,3118.6735,,2.5858,3.2546,34.921,266.68,-9.99,0.017,,,-9.99,,,,,
10180002,2003.714947,31.666,64.168,3166,3120.6306,,2.5829,3.2544,34.9208,266.63,-9.99,0.018,,,-9.99,,,,,
10180002,2003.714947,31.666,64.168,3168,3122.5876,,2.5808,3.2543,34.9208,266.68,-9.99,0.023,,,-9.99,,,,,
10180002,2003.714947,31.666,64.168,3170,3124.5446,,2.5788,3.2542,34.9206,266.76,-9.99,0.022,,,-9.99,,,,,
10180002,2003.714947,31.666,64.168,3172,3126.5016,,2.5779,3.2542,34.9206,266.83,-9.99,0.021,,,-9.99,,,,,
10180002,2003.714947,31.666,64.168,3174,3128.4586,,2.577,3.2542,34.9205,266.9,-9.99,0.022,,,-9.99,,,,,
10180002,2003.714947,31.666,64.168,3176,3130.4155,,2.5759,3.2541,34.9204,266.87,-9.99,0.022,,,-9.99,,,,,
10180002,2003.714947,31.666,64.168,3178,3132.3724,,2.5747,3.2541,34.9203,266.81,-9.99,0.021,,,-9.99,,,,,
10180002,2003.714947,31.666,64.168,3180,3134.3294,,2.5737,3.2541,34.9202,266.86,-9.99,0.025,,,-9.99,,,,,
10180002,2003.714947,31.666,64.168,3182,3136.2863,,2.5728,3.2541,34.9203,266.79,-9.99,0.025,,,-9.99,,,,,
10180002,2003.714947,31.666,64.168,3184,3138.2431,,2.5721,3.2541,34.9203,266.79,-9.99,0.021,,,-9.99,,,,,
10180002,2003.714947,31.666,64.168,3186,3140.2,,2.5717,3.2541,34.9201,266.85,-9.99,0.026,,,-9.99,,,,,
10180002,2003.714947,31.666,64.168,3188,3142.1569,,2.5713,3.2542,34.9201,266.92,-9.99,0.022,,,-9.99,,,,,
10180002,2003.714947,31.666,64.168,3190,3144.1137,,2.5702,3.2541,34.92,266.89,-9.99,0.017,,,-9.99,,,,,
10180002,2003.714947,31.666,64.168,3192,3146.0705,,2.5693,3.2541,34.9199,266.83,-9.99,0.022,,,-9.99,,,,,
10180002,2003.714947,31.666,64.168,3194,3148.0273,,2.5682,3.2541,34.9201,266.89,-9.99,0.028,,,-9.99,,,,,
10180002,2003.714947,31.666,64.168,3196,3149.9841,,2.5668,3.2541,34.92,266.8,-9.99,0.021,,,-9.99,,,,,
10180002,2003.714947,31.666,64.168,3198,3151.9408,,2.5646,3.2539,34.9197,266.82,-9.99,0.021,,,-9.99,,,,,
10180002,2003.714947,31.666,64.168,3200,3153.8976,,2.564,3.2539,34.9196,266.89,-9.99,0.018,,,-9.99,,,,,
10180002,2003.714947,31.666,64.168,3202,3155.8543,,2.5629,3.2539,34.9195,266.91,-9.99,0.017,,,-9.99,,,,,
10180002,2003.714947,31.666,64.168,3204,3157.811,,2.5618,3.2539,34.9195,266.96,-9.99,0.017,,,-9.99,,,,,
10180002,2003.714947,31.666,64.168,3206,3159.7677,,2.56,3.2538,34.9194,267.01,-9.99,0.018,,,-9.99,,,,,
10180002,2003.714947,31.666,64.168,3208,3161.7244,,2.5574,3.2536,34.9194,267.01,-9.99,0.019,,,-9.99,,,,,
10180002,2003.714947,31.666,64.168,3210,3163.681,,2.5564,3.2536,34.9192,267.02,-9.99,0.02,,,-9.99,,,,,
10180002,2003.714947,31.666,64.168,3212,3165.6376,,2.5553,3.2536,34.9191,267.02,-9.99,0.021,,,-9.99,,,,,
10180002,2003.714947,31.666,64.168,3214,3167.5943,,2.5546,3.2536,34.9191,267.01,-9.99,0.022,,,-9.99,,,,,
10180002,2003.714947,31.666,64.168,3216,3169.5509,,2.5531,3.2535,34.9191,267.01,-9.99,0.021,,,-9.99,,,,,
10180002,2003.714947,31.666,64.168,3218,3171.5074,,2.5514,3.2534,34.9189,267.06,-9.99,0.02,,,-9.99,,,,,
10180002,2003.714947,31.666,64.168,3220,3173.464,,2.5499,3.2533,34.9187,267.01,-9.99,0.019,,,-9.99,,,,,
10180002,2003.714947,31.666,64.168,3222,3175.4206,,2.5475,3.2532,34.9185,267.03,-9.99,0.019,,,-9.99,,,,,
10180002,2003.714947,31.666,64.168,3224,3177.3771,,2.5453,3.2531,34.9184,267.05,-9.99,0.02,,,-9.99,,,,,
10180002,2003.714947,31.666,64.168,3226,3179.3336,,2.5435,3.253,34.9184,267,-9.99,0.021,,,-9.99,,,,,
10180002,2003.714947,31.666,64.168,3228,3181.2901,,2.5431,3.253,34.9183,266.99,-9.99,0.024,,,-9.99,,,,,
10180002,2003.714947,31.666,64.168,3230,3183.2466,,2.5422,3.253,34.9183,267.06,-9.99,0.017,,,-9.99,,,,,
10180002,2003.714947,31.666,64.168,3232,3185.203,,2.5417,3.253,34.9182,267.07,-9.99,0.024,,,-9.99,,,,,
10180002,2003.714947,31.666,64.168,3234,3187.1595,,2.5406,3.253,34.9182,267,-9.99,0.02,,,-9.99,,,,,
10180002,2003.714947,31.666,64.168,3236,3189.1159,,2.537,3.2527,34.9178,267.06,-9.99,0.015,,,-9.99,,,,,
10180002,2003.714947,31.666,64.168,3238,3191.0723,,2.5317,3.2523,34.9174,267.03,-9.99,0.025,,,-9.99,,,,,
10180002,2003.714947,31.666,64.168,3240,3193.0287,,2.5308,3.2523,34.9175,266.98,-9.99,0.037,,,-9.99,,,,,
10180002,2003.714947,31.666,64.168,3242,3194.9851,,2.5289,3.2522,34.9175,267.07,-9.99,0.031,,,-9.99,,,,,
10180002,2003.714947,31.666,64.168,3244,3196.9414,,2.5286,3.2522,34.9173,267.14,-9.99,0.021,,,-9.99,,,,,
10180002,2003.714947,31.666,64.168,3246,3198.8978,,2.5279,3.2523,34.9174,267.17,-9.99,0.011,,,-9.99,,,,,
10180002,2003.714947,31.666,64.168,3248,3200.8541,,2.5271,3.2522,34.9173,267.12,-9.99,0.02,,,-9.99,,,,,
10180002,2003.714947,31.666,64.168,3250,3202.8104,,2.5248,3.2521,34.9171,267.12,-9.99,0.025,,,-9.99,,,,,
10180002,2003.714947,31.666,64.168,3252,3204.7667,,2.522,3.2519,34.9169,267.12,-9.99,0.023,,,-9.99,,,,,
10180002,2003.714947,31.666,64.168,3254,3206.723,,2.5182,3.2516,34.9166,267.12,-9.99,0.021,,,-9.99,,,,,
10180002,2003.714947,31.666,64.168,3256,3208.6792,,2.5166,3.2516,34.9165,267.16,-9.99,0.022,,,-9.99,,,,,
10180002,2003.714947,31.666,64.168,3258,3210.6355,,2.5149,3.2515,34.9164,267.23,-9.99,0.02,,,-9.99,,,,,
10180002,2003.714947,31.666,64.168,3260,3212.5917,,2.5139,3.2515,34.9164,267.31,-9.99,0.015,,,-9.99,,,,,
10180002,2003.714947,31.666,64.168,3262,3214.5479,,2.5131,3.2515,34.9164,267.29,-9.99,0.013,,,-9.99,,,,,
10180002,2003.714947,31.666,64.168,3264,3216.5041,,2.5126,3.2515,34.9164,267.23,-9.99,0.013,,,-9.99,,,,,
10180002,2003.714947,31.666,64.168,3266,3218.4602,,2.5111,3.2514,34.9163,267.28,-9.99,0.014,,,-9.99,,,,,
10180002,2003.714947,31.666,64.168,3268,3220.4164,,2.5091,3.2513,34.9162,267.35,-9.99,0.02,,,-9.99,,,,,
10180002,2003.714947,31.666,64.168,3270,3222.3725,,2.5077,3.2512,34.9159,267.1,-9.99,0.019,,,-9.99,,,,,
10180002,2003.714947,31.666,64.168,3272,3224.3286,,2.5045,3.251,34.9158,267.05,-9.99,0.027,,,-9.99,,,,,
10180002,2003.714947,31.666,64.168,3274,3226.2847,,2.5019,3.2509,34.9157,267.12,-9.99,0.028,,,-9.99,,,,,
10180002,2003.714947,31.666,64.168,3276,3228.2408,,2.4999,3.2507,34.9156,267.2,-9.99,0.03,,,-9.99,,,,,
10180002,2003.714947,31.666,64.168,3278,3230.1968,,2.4997,3.2508,34.9154,267.15,-9.99,0.022,,,-9.99,,,,,
10180002,2003.714947,31.666,64.168,3280,3232.1529,,2.4986,3.2508,34.9154,267.12,-9.99,0.02,,,-9.99,,,,,
10180002,2003.714947,31.666,64.168,3282,3234.1089,,2.4973,3.2507,34.9155,267.17,-9.99,0.019,,,-9.99,,,,,
10180002,2003.714947,31.666,64.168,3284,3236.0649,,2.4972,3.2508,34.9154,267.16,-9.99,0.017,,,-9.99,,,,,
10180002,2003.714947,31.666,64.168,3286,3238.0209,,2.4973,3.2509,34.9154,267.1,-9.99,0.016,,,-9.99,,,,,
10180002,2003.714947,31.666,64.168,3288,3239.9769,,2.497,3.2509,34.9154,267.11,-9.99,0.019,,,-9.99,,,,,
10180002,2003.714947,31.666,64.168,3290,3241.9328,,2.4963,3.2509,34.9152,267.1,-9.99,0.017,,,-9.99,,,,,
10180002,2003.714947,31.666,64.168,3292,3243.8888,,2.4957,3.2509,34.9153,267.09,-9.99,0.02,,,-9.99,,,,,
10180002,2003.714947,31.666,64.168,3294,3245.8447,,2.495,3.2509,34.9152,267.08,-9.99,0.021,,,-9.99,,,,,
10180002,2003.714947,31.666,64.168,3296,3247.8006,,2.4942,3.2509,34.9151,267.15,-9.99,0.023,,,-9.99,,,,,
10180002,2003.714947,31.666,64.168,3298,3249.7565,,2.4933,3.2509,34.915,267.21,-9.99,0.021,,,-9.99,,,,,
10180002,2003.714947,31.666,64.168,3300,3251.7124,,2.4912,3.2508,34.9148,267.21,-9.99,0.024,,,-9.99,,,,,
10180002,2003.714947,31.666,64.168,3302,3253.6682,,2.4894,3.2507,34.9147,267.18,-9.99,0.02,,,-9.99,,,,,
10180002,2003.714947,31.666,64.168,3304,3255.624,,2.4885,3.2507,34.9148,267.18,-9.99,0.017,,,-9.99,,,,,
10180002,2003.714947,31.666,64.168,3306,3257.5799,,2.4878,3.2507,34.9148,267.22,-9.99,0.008,,,-9.99,,,,,
10180002,2003.714947,31.666,64.168,3308,3259.5357,,2.4865,3.2507,34.9146,267.09,-9.99,0.013,,,-9.99,,,,,
10180002,2003.714947,31.666,64.168,3310,3261.4914,,2.4836,3.2504,34.9143,267.19,-9.99,0.021,,,-9.99,,,,,
10180002,2003.714947,31.666,64.168,3312,3263.4472,,2.4799,3.2502,34.9141,267.29,-9.99,0.015,,,-9.99,,,,,
10180002,2003.714947,31.666,64.168,3314,3265.403,,2.4794,3.2502,34.9142,267.36,-9.99,0.021,,,-9.99,,,,,
10180002,2003.714947,31.666,64.168,3316,3267.3587,,2.478,3.2502,34.9141,267.28,-9.99,0.021,,,-9.99,,,,,
10180002,2003.714947,31.666,64.168,3318,3269.3144,,2.4761,3.25,34.9139,267.25,-9.99,0.018,,,-9.99,,,,,
10180002,2003.714947,31.666,64.168,3320,3271.2701,,2.4752,3.25,34.9138,267.34,-9.99,0.021,,,-9.99,,,,,
10180002,2003.714947,31.666,64.168,3322,3273.2258,,2.474,3.25,34.9137,267.22,-9.99,0.013,,,-9.99,,,,,
10180002,2003.714947,31.666,64.168,3324,3275.1814,,2.4724,3.2499,34.9135,267.26,-9.99,0.009,,,-9.99,,,,,
10180002,2003.714947,31.666,64.168,3326,3277.1371,,2.4723,3.25,34.9136,267.31,-9.99,0.017,,,-9.99,,,,,
10180002,2003.714947,31.666,64.168,3328,3279.0927,,2.4715,3.25,34.9136,267.25,-9.99,0.023,,,-9.99,,,,,
10180002,2003.714947,31.666,64.168,3330,3281.0483,,2.4697,3.2499,34.9135,267.22,-9.99,0.019,,,-9.99,,,,,
10180002,2003.714947,31.666,64.168,3332,3283.0039,,2.467,3.2497,34.9134,267.31,-9.99,0.017,,,-9.99,,,,,
10180002,2003.714947,31.666,64.168,3334,3284.9595,,2.4651,3.2496,34.9132,267.27,-9.99,0.018,,,-9.99,,,,,
10180002,2003.714947,31.666,64.168,3336,3286.915,,2.4629,3.2495,34.913,267.22,-9.99,0.015,,,-9.99,,,,,
10180002,2003.714947,31.666,64.168,3338,3288.8706,,2.4626,3.2495,34.9131,267.28,-9.99,0.016,,,-9.99,,,,,
10180002,2003.714947,31.666,64.168,3340,3290.8261,,2.4619,3.2495,34.9132,267.34,-9.99,0.019,,,-9.99,,,,,
10180002,2003.714947,31.666,64.168,3342,3292.7816,,2.4614,3.2496,34.9132,267.41,-9.99,0.022,,,-9.99,,,,,
10180002,2003.714947,31.666,64.168,3344,3294.7371,,2.4598,3.2495,34.9129,267.49,-9.99,0.03,,,-9.99,,,,,
10180002,2003.714947,31.666,64.168,3346,3296.6925,,2.4584,3.2494,34.9128,267.27,-9.99,0.03,,,-9.99,,,,,
10180002,2003.714947,31.666,64.168,3348,3298.648,,2.4578,3.2494,34.9128,267.17,-9.99,0.018,,,-9.99,,,,,
10180002,2003.714947,31.666,64.168,3350,3300.6034,,2.457,3.2494,34.9126,267.22,-9.99,0.008,,,-9.99,,,,,
10180002,2003.714947,31.666,64.168,3352,3302.5588,,2.4541,3.2492,34.9123,267.31,-9.99,0.006,,,-9.99,,,,,
10180002,2003.714947,31.666,64.168,3354,3304.5142,,2.4501,3.2489,34.9121,267.42,-9.99,0.013,,,-9.99,,,,,
10180002,2003.714947,31.666,64.168,3356,3306.4696,,2.4475,3.2488,34.9121,267.36,-9.99,0.018,,,-9.99,,,,,
10180002,2003.714947,31.666,64.168,3358,3308.425,,2.4463,3.2487,34.9122,267.33,-9.99,0.021,,,-9.99,,,,,
10180002,2003.714947,31.666,64.168,3360,3310.3803,,2.4445,3.2486,34.9119,267.33,-9.99,0.026,,,-9.99,,,,,
10180002,2003.714947,31.666,64.168,3362,3312.3357,,2.4427,3.2485,34.9117,267.27,-9.99,0.021,,,-9.99,,,,,
10180002,2003.714947,31.666,64.168,3364,3314.291,,2.4418,3.2485,34.9116,267.32,-9.99,0.011,,,-9.99,,,,,
10180002,2003.714947,31.666,64.168,3366,3316.2463,,2.4402,3.2484,34.9115,267.4,-9.99,0.009,,,-9.99,,,,,
10180002,2003.714947,31.666,64.168,3368,3318.2015,,2.4389,3.2484,34.9114,267.37,-9.99,0.014,,,-9.99,,,,,
10180002,2003.714947,31.666,64.168,3370,3320.1568,,2.4376,3.2483,34.9114,267.34,-9.99,0.017,,,-9.99,,,,,
10180002,2003.714947,31.666,64.168,3372,3322.112,,2.4366,3.2483,34.9112,267.24,-9.99,0.021,,,-9.99,,,,,
10180002,2003.714947,31.666,64.168,3374,3324.0673,,2.4362,3.2484,34.9114,267.26,-9.99,0.025,,,-9.99,,,,,
10180002,2003.714947,31.666,64.168,3376,3326.0225,,2.4355,3.2484,34.9113,267.25,-9.99,0.022,,,-9.99,,,,,
10180002,2003.714947,31.666,64.168,3378,3327.9777,,2.4338,3.2483,34.9111,267.26,-9.99,0.016,,,-9.99,,,,,
10180002,2003.714947,31.666,64.168,3380,3329.9328,,2.4324,3.2482,34.9111,267.23,-9.99,0.017,,,-9.99,,,,,
10180002,2003.714947,31.666,64.168,3382,3331.888,,2.4313,3.2482,34.9112,267.19,-9.99,0.024,,,-9.99,,,,,
10180002,2003.714947,31.666,64.168,3384,3333.8431,,2.4304,3.2482,34.911,267.12,-9.99,0.017,,,-9.99,,,,,
10180002,2003.714947,31.666,64.168,3386,3335.7982,,2.429,3.2481,34.911,267.13,-9.99,0.008,,,-9.99,,,,,
10180002,2003.714947,31.666,64.168,3388,3337.7533,,2.4293,3.2482,34.9108,267.19,-9.99,0.018,,,-9.99,,,,,
10180002,2003.714947,31.666,64.168,3390,3339.7084,,2.4266,3.248,34.9106,267.22,-9.99,0.015,,,-9.99,,,,,
10180002,2003.714947,31.666,64.168,3392,3341.6635,,2.425,3.248,34.9108,267.14,-9.99,0.018,,,-9.99,,,,,
10180002,2003.714947,31.666,64.168,3394,3343.6186,,2.4225,3.2478,34.9106,267.21,-9.99,0.015,,,-9.99,,,,,
10180002,2003.714947,31.666,64.168,3396,3345.5736,,2.4212,3.2478,34.9107,267.28,-9.99,0.014,,,-9.99,,,,,
10180002,2003.714947,31.666,64.168,3398,3347.5286,,2.4208,3.2478,34.9106,267.27,-9.99,0.025,,,-9.99,,,,,
10180002,2003.714947,31.666,64.168,3400,3349.4836,,2.4203,3.2479,34.9106,267.12,-9.99,0.016,,,-9.99,,,,,
10180002,2003.714947,31.666,64.168,3402,3351.4386,,2.4199,3.2479,34.9106,267.14,-9.99,0.025,,,-9.99,,,,,
10180002,2003.714947,31.666,64.168,3404,3353.3935,,2.419,3.2479,34.9105,267.07,-9.99,0.022,,,-9.99,,,,,
10180002,2003.714947,31.666,64.168,3406,3355.3485,,2.417,3.2477,34.9102,267.12,-9.99,0.019,,,-9.99,,,,,
10180002,2003.714947,31.666,64.168,3408,3357.3034,,2.4152,3.2477,34.9101,267.2,-9.99,0.012,,,-9.99,,,,,
10180002,2003.714947,31.666,64.168,3410,3359.2583,,2.4134,3.2476,34.91,267.3,-9.99,0.016,,,-9.99,,,,,
10180002,2003.714947,31.666,64.168,3412,3361.2132,,2.4128,3.2476,34.91,267.29,-9.99,0.022,,,-9.99,,,,,
10180002,2003.714947,31.666,64.168,3414,3363.1681,,2.412,3.2476,34.91,267.2,-9.99,0.018,,,-9.99,,,,,
10180002,2003.714947,31.666,64.168,3416,3365.123,,2.411,3.2476,34.9099,267.23,-9.99,0.017,,,-9.99,,,,,
10180002,2003.714947,31.666,64.168,3418,3367.0778,,2.4093,3.2475,34.9098,267.32,-9.99,0.014,,,-9.99,,,,,
10180002,2003.714947,31.666,64.168,3420,3369.0326,,2.4087,3.2475,34.9098,267.4,-9.99,0.011,,,-9.99,,,,,
10180002,2003.714947,31.666,64.168,3422,3370.9874,,2.4084,3.2475,34.9097,267.44,-9.99,0.006,,,-9.99,,,,,
10180002,2003.714947,31.666,64.168,3424,3372.9422,,2.4071,3.2475,34.9095,267.41,-9.99,0.009,,,-9.99,,,,,
10180002,2003.714947,31.666,64.168,3426,3374.897,,2.4054,3.2474,34.9094,267.27,-9.99,0.016,,,-9.99,,,,,
10180002,2003.714947,31.666,64.168,3428,3376.8518,,2.4048,3.2474,34.9095,267.16,-9.99,0.011,,,-9.99,,,,,
10180002,2003.714947,31.666,64.168,3430,3378.8065,,2.4039,3.2474,34.9094,267.24,-9.99,0.013,,,-9.99,,,,,
10180002,2003.714947,31.666,64.168,3432,3380.7612,,2.4028,3.2474,34.9093,267.31,-9.99,0.016,,,-9.99,,,,,
10180002,2003.714947,31.666,64.168,3434,3382.7159,,2.4019,3.2474,34.9092,267.38,-9.99,0.018,,,-9.99,,,,,
10180002,2003.714947,31.666,64.168,3436,3384.6706,,2.4013,3.2474,34.909,267.43,-9.99,0.021,,,-9.99,,,,,
10180002,2003.714947,31.666,64.168,3438,3386.6253,,2.4006,3.2474,34.909,267.31,-9.99,0.023,,,-9.99,,,,,
10180002,2003.714947,31.666,64.168,3440,3388.5799,,2.3996,3.2474,34.909,267.16,-9.99,0.027,,,-9.99,,,,,
10180002,2003.714947,31.666,64.168,3442,3390.5346,,2.3984,3.2473,34.9089,267.17,-9.99,0.027,,,-9.99,,,,,
10180002,2003.714947,31.666,64.168,3444,3392.4892,,2.3964,3.2472,34.9088,267.26,-9.99,0.024,,,-9.99,,,,,
10180002,2003.714947,31.666,64.168,3446,3394.4438,,2.3954,3.2472,34.9087,267.32,-9.99,0.024,,,-9.99,,,,,
10180002,2003.714947,31.666,64.168,3448,3396.3984,,2.3945,3.2472,34.9086,267.31,-9.99,0.02,,,-9.99,,,,,
10180002,2003.714947,31.666,64.168,3450,3398.3529,,2.3938,3.2472,34.9085,267.25,-9.99,0.015,,,-9.99,,,,,
10180002,2003.714947,31.666,64.168,3452,3400.3075,,2.3924,3.2471,34.9084,267.1,-9.99,0.01,,,-9.99,,,,,
10180002,2003.714947,31.666,64.168,3454,3402.262,,2.3913,3.2471,34.9084,267.13,-9.99,0.018,,,-9.99,,,,,
10180002,2003.714947,31.666,64.168,3456,3404.2165,,2.3891,3.2469,34.9082,267.2,-9.99,0.017,,,-9.99,,,,,
10180002,2003.714947,31.666,64.168,3458,3406.171,,2.3863,3.2468,34.908,267.3,-9.99,0.017,,,-9.99,,,,,
10180002,2003.714947,31.666,64.168,3460,3408.1255,,2.384,3.2466,34.9079,267.38,-9.99,0.019,,,-9.99,,,,,
10180002,2003.714947,31.666,64.168,3462,3410.08,,2.383,3.2466,34.9077,267.19,-9.99,0.023,,,-9.99,,,,,
10180002,2003.714947,31.666,64.168,3464,3412.0344,,2.3801,3.2464,34.9076,267.02,-9.99,0.022,,,-9.99,,,,,
10180002,2003.714947,31.666,64.168,3466,3413.9888,,2.378,3.2463,34.9076,267.11,-9.99,0.012,,,-9.99,,,,,
10180002,2003.714947,31.666,64.168,3468,3415.9432,,2.3774,3.2463,34.9075,267.18,-9.99,0.004,,,-9.99,,,,,
10180002,2003.714947,31.666,64.168,3470,3417.8976,,2.3774,3.2463,34.9073,267.24,-9.99,0.011,,,-9.99,,,,,
10180002,2003.714947,31.666,64.168,3472,3419.852,,2.3768,3.2464,34.9072,267.29,-9.99,0.022,,,-9.99,,,,,
10180002,2003.714947,31.666,64.168,3474,3421.8064,,2.3755,3.2463,34.9072,267.14,-9.99,0.027,,,-9.99,,,,,
10180002,2003.714947,31.666,64.168,3476,3423.7607,,2.3744,3.2463,34.9072,267.18,-9.99,0.02,,,-9.99,,,,,
10180002,2003.714947,31.666,64.168,3478,3425.715,,2.3736,3.2463,34.9071,267.09,-9.99,0.013,,,-9.99,,,,,
10180002,2003.714947,31.666,64.168,3480,3427.6693,,2.3722,3.2462,34.9071,267.11,-9.99,0.018,,,-9.99,,,,,
10180002,2003.714947,31.666,64.168,3482,3429.6236,,2.3712,3.2462,34.9069,267.15,-9.99,0.019,,,-9.99,,,,,
10180002,2003.714947,31.666,64.168,3484,3431.5779,,2.3697,3.2461,34.9067,267.07,-9.99,0.014,,,-9.99,,,,,
10180002,2003.714947,31.666,64.168,3486,3433.5321,,2.368,3.246,34.9066,267.09,-9.99,0.014,,,-9.99,,,,,
10180002,2003.714947,31.666,64.168,3488,3435.4864,,2.3671,3.246,34.9066,267.16,-9.99,0.014,,,-9.99,,,,,
10180002,2003.714947,31.666,64.168,3490,3437.4406,,2.3662,3.246,34.9065,267.21,-9.99,0.015,,,-9.99,,,,,
10180002,2003.714947,31.666,64.168,3492,3439.3948,,2.3653,3.246,34.9065,267.14,-9.99,0.023,,,-9.99,,,,,
10180002,2003.714947,31.666,64.168,3494,3441.349,,2.3646,3.246,34.9063,267.14,-9.99,0.019,,,-9.99,,,,,
10180002,2003.714947,31.666,64.168,3496,3443.3031,,2.3636,3.246,34.9062,267.19,-9.99,0.017,,,-9.99,,,,,
10180002,2003.714947,31.666,64.168,3498,3445.2573,,2.3618,3.2459,34.9062,267.21,-9.99,0.013,,,-9.99,,,,,
10180002,2003.714947,31.666,64.168,3500,3447.2114,,2.3612,3.2459,34.9062,267.15,-9.99,0.013,,,-9.99,,,,,
10180002,2003.714947,31.666,64.168,3502,3449.1655,,2.3608,3.2459,34.9061,267.14,-9.99,0.021,,,-9.99,,,,,
10180002,2003.714947,31.666,64.168,3504,3451.1196,,2.3599,3.2459,34.9059,267.17,-9.99,0.02,,,-9.99,,,,,
10180002,2003.714947,31.666,64.168,3506,3453.0737,,2.3586,3.2459,34.9058,267.07,-9.99,0.019,,,-9.99,,,,,
10180002,2003.714947,31.666,64.168,3508,3455.0278,,2.3571,3.2458,34.9058,266.96,-9.99,0.015,,,-9.99,,,,,
10180002,2003.714947,31.666,64.168,3510,3456.9818,,2.3558,3.2458,34.9057,266.94,-9.99,0.008,,,-9.99,,,,,
10180002,2003.714947,31.666,64.168,3512,3458.9358,,2.3536,3.2456,34.9055,267.02,-9.99,0.011,,,-9.99,,,,,
10180002,2003.714947,31.666,64.168,3514,3460.8899,,2.3527,3.2456,34.9054,267.03,-9.99,0.017,,,-9.99,,,,,
10180002,2003.714947,31.666,64.168,3516,3462.8439,,2.3523,3.2456,34.9053,266.95,-9.99,0.018,,,-9.99,,,,,
10180002,2003.714947,31.666,64.168,3518,3464.7978,,2.3504,3.2455,34.9052,267,-9.99,0.021,,,-9.99,,,,,
10180002,2003.714947,31.666,64.168,3520,3466.7518,,2.3483,3.2454,34.9051,267.07,-9.99,0.02,,,-9.99,,,,,
10180002,2003.714947,31.666,64.168,3522,3468.7057,,2.3466,3.2453,34.905,267.16,-9.99,0.019,,,-9.99,,,,,
10180002,2003.714947,31.666,64.168,3524,3470.6596,,2.3457,3.2453,34.905,267.11,-9.99,0.018,,,-9.99,,,,,
10180002,2003.714947,31.666,64.168,3526,3472.6136,,2.344,3.2452,34.9049,266.95,-9.99,0.013,,,-9.99,,,,,
10180002,2003.714947,31.666,64.168,3528,3474.5674,,2.3433,3.2452,34.9049,266.88,-9.99,0.009,,,-9.99,,,,,
10180002,2003.714947,31.666,64.168,3530,3476.5213,,2.3426,3.2452,34.9048,266.93,-9.99,0.012,,,-9.99,,,,,
10180002,2003.714947,31.666,64.168,3532,3478.4752,,2.3413,3.2452,34.9046,267,-9.99,0.018,,,-9.99,,,,,
10180002,2003.714947,31.666,64.168,3534,3480.429,,2.3392,3.245,34.9043,267.09,-9.99,0.018,,,-9.99,,,,,
10180002,2003.714947,31.666,64.168,3536,3482.3828,,2.3381,3.245,34.9042,267.08,-9.99,0.022,,,-9.99,,,,,
10180002,2003.714947,31.666,64.168,3538,3484.3366,,2.3364,3.2449,34.904,267.03,-9.99,0.024,,,-9.99,,,,,
10180002,2003.714947,31.666,64.168,3540,3486.2904,,2.3357,3.2449,34.9041,266.97,-9.99,0.023,,,-9.99,,,,,
10180002,2003.714947,31.666,64.168,3542,3488.2442,,2.3348,3.2449,34.9041,267.08,-9.99,0.019,,,-9.99,,,,,
10180002,2003.714947,31.666,64.168,3544,3490.1979,,2.3334,3.2449,34.9038,267.05,-9.99,0.021,,,-9.99,,,,,
10180002,2003.714947,31.666,64.168,3546,3492.1517,,2.332,3.2448,34.9037,267.03,-9.99,0.017,,,-9.99,,,,,
10180002,2003.714947,31.666,64.168,3548,3494.1054,,2.3308,3.2448,34.9037,267,-9.99,0.022,,,-9.99,,,,,
10180002,2003.714947,31.666,64.168,3550,3496.0591,,2.3281,3.2446,34.9036,266.96,-9.99,0.018,,,-9.99,,,,,
10180002,2003.714947,31.666,64.168,3552,3498.0128,,2.3272,3.2446,34.9035,266.99,-9.99,0.02,,,-9.99,,,,,
10180002,2003.714947,31.666,64.168,3554,3499.9664,,2.3273,3.2446,34.9033,266.92,-9.99,0.015,,,-9.99,,,,,
10180002,2003.714947,31.666,64.168,3556,3501.9201,,2.3264,3.2447,34.9035,266.86,-9.99,0.016,,,-9.99,,,,,
10180002,2003.714947,31.666,64.168,3558,3503.8737,,2.3263,3.2447,34.9035,266.93,-9.99,0.021,,,-9.99,,,,,
10180002,2003.714947,31.666,64.168,3560,3505.8273,,2.3262,3.2448,34.9032,267,-9.99,0.013,,,-9.99,,,,,
10180002,2003.714947,31.666,64.168,3562,3507.7809,,2.3264,3.2448,34.9033,266.96,-9.99,0.02,,,-9.99,,,,,
10180002,2003.714947,31.666,64.168,3564,3509.7345,,2.3256,3.2449,34.9033,266.88,-9.99,0.01,,,-9.99,,,,,
10180002,2003.714947,31.666,64.168,3566,3511.6881,,2.325,3.2449,34.9034,266.94,-9.99,0.005,,,-9.99,,,,,
10180002,2003.714947,31.666,64.168,3568,3513.6416,,2.3253,3.245,34.9032,266.99,-9.99,0.01,,,-9.99,,,,,
10180002,2003.714947,31.666,64.168,3570,3515.5951,,2.3249,3.245,34.9033,266.85,-9.99,0.01,,,-9.99,,,,,
10180002,2003.714947,31.666,64.168,3572,3517.5486,,2.3245,3.245,34.9033,266.87,-9.99,0.014,,,-9.99,,,,,
10180002,2003.714947,31.666,64.168,3574,3519.5021,,2.324,3.2451,34.9032,266.94,-9.99,0.023,,,-9.99,,,,,
10180002,2003.714947,31.666,64.168,3576,3521.4556,,2.3237,3.2451,34.9032,266.81,-9.99,0.022,,,-9.99,,,,,
10180002,2003.714947,31.666,64.168,3578,3523.4091,,2.3235,3.2452,34.9031,266.82,-9.99,0.016,,,-9.99,,,,,
10180002,2003.714947,31.666,64.168,3580,3525.3625,,2.3231,3.2452,34.903,266.79,-9.99,0.014,,,-9.99,,,,,
10180002,2003.714947,31.666,64.168,3582,3527.3159,,2.3222,3.2452,34.903,266.67,-9.99,0.016,,,-9.99,,,,,
10180002,2003.714947,31.666,64.168,3584,3529.2693,,2.322,3.2452,34.903,266.74,-9.99,0.018,,,-9.99,,,,,
10180002,2003.714947,31.666,64.168,3586,3531.2227,,2.322,3.2453,34.9029,266.8,-9.99,0.019,,,-9.99,,,,,
10180002,2003.714947,31.666,64.168,3588,3533.1761,,2.3219,3.2454,34.903,266.87,-9.99,0.019,,,-9.99,,,,,
10180002,2003.714947,31.666,64.168,3590,3535.1294,,2.3221,3.2454,34.903,266.92,-9.99,0.017,,,-9.99,,,,,
10180002,2003.714947,31.666,64.168,3592,3537.0828,,2.3223,3.2455,34.9029,266.72,-9.99,0.018,,,-9.99,,,,,
10180002,2003.714947,31.666,64.168,3594,3539.0361,,2.3226,3.2456,34.9029,266.54,-9.99,0.019,,,-9.99,,,,,
10180002,2003.714947,31.666,64.168,3596,3540.9894,,2.3228,3.2457,34.9029,266.68,-9.99,0.023,,,-9.99,,,,,
10180002,2003.714947,31.666,64.168,3598,3542.9427,,2.3229,3.2458,34.9029,266.71,-9.99,0.022,,,-9.99,,,,,
10180002,2003.714947,31.666,64.168,3600,3544.8959,,2.3228,3.2459,34.9028,266.73,-9.99,0.017,,,-9.99,,,,,
10180002,2003.714947,31.666,64.168,3602,3546.8492,,2.3228,3.2459,34.9027,266.78,-9.99,0.014,,,-9.99,,,,,
10180002,2003.714947,31.666,64.168,3604,3548.8024,,2.3227,3.246,34.9027,266.78,-9.99,0.012,,,-9.99,,,,,
10180002,2003.714947,31.666,64.168,3606,3550.7556,,2.3228,3.2461,34.9027,266.73,-9.99,0.018,,,-9.99,,,,,
10180002,2003.714947,31.666,64.168,3608,3552.7088,,2.3227,3.2461,34.9027,266.72,-9.99,0.023,,,-9.99,,,,,
10180002,2003.714947,31.666,64.168,3610,3554.662,,2.3224,3.2462,34.9027,266.78,-9.99,0.02,,,-9.99,,,,,
10180002,2003.714947,31.666,64.168,3612,3556.6152,,2.3218,3.2462,34.9027,266.75,-9.99,0.018,,,-9.99,,,,,
10180002,2003.714947,31.666,64.168,3614,3558.5683,,2.3212,3.2462,34.9027,266.68,-9.99,0.024,,,-9.99,,,,,
10180002,2003.714947,31.666,64.168,3616,3560.5215,,2.3208,3.2462,34.9026,266.73,-9.99,0.022,,,-9.99,,,,,
10180002,2003.714947,31.666,64.168,3618,3562.4746,,2.321,3.2463,34.9026,266.71,-9.99,0.017,,,-9.99,,,,,
10180002,2003.714947,31.666,64.168,3620,3564.4277,,2.3213,3.2464,34.9026,266.67,-9.99,0.014,,,-9.99,,,,,
10180002,2003.714947,31.666,64.168,3622,3566.3807,,2.3216,3.2465,34.9025,266.61,-9.99,0.017,,,-9.99,,,,,
10180002,2003.714947,31.666,64.168,3624,3568.3338,,2.3213,3.2466,34.9025,266.63,-9.99,0.014,,,-9.99,,,,,
10180002,2003.714947,31.666,64.168,3626,3570.2868,,2.321,3.2466,34.9025,266.55,-9.99,0.012,,,-9.99,,,,,
10180002,2003.714947,31.666,64.168,3628,3572.2399,,2.3208,3.2467,34.9025,266.56,-9.99,0.017,,,-9.99,,,,,
10180002,2003.714947,31.666,64.168,3630,3574.1929,,2.3206,3.2467,34.9024,266.62,-9.99,0.019,,,-9.99,,,,,
10180002,2003.714947,31.666,64.168,3632,3576.1459,,2.3204,3.2468,34.9025,266.69,-9.99,0.016,,,-9.99,,,,,
10180002,2003.714947,31.666,64.168,3634,3578.0988,,2.3203,3.2468,34.9024,266.71,-9.99,0.014,,,-9.99,,,,,
10180002,2003.714947,31.666,64.168,3636,3580.0518,,2.32,3.2469,34.9024,266.58,-9.99,0.007,,,-9.99,,,,,
10180002,2003.714947,31.666,64.168,3638,3582.0047,,2.3202,3.2469,34.9024,266.62,-9.99,0.021,,,-9.99,,,,,
10180002,2003.714947,31.666,64.168,3640,3583.9577,,2.3203,3.247,34.9024,266.48,-9.99,0.023,,,-9.99,,,,,
10180002,2003.714947,31.666,64.168,3642,3585.9106,,2.3186,3.2469,34.9022,266.5,-9.99,0.017,,,-9.99,,,,,
10180002,2003.714947,31.666,64.168,3644,3587.8635,,2.3176,3.2469,34.9023,266.58,-9.99,0.013,,,-9.99,,,,,
10180002,2003.714947,31.666,64.168,3646,3589.8163,,2.314,3.2466,34.9017,266.68,-9.99,0.013,,,-9.99,,,,,
10180002,2003.714947,31.666,64.168,3648,3591.7692,,2.3121,3.2465,34.9016,266.73,-9.99,0.026,,,-9.99,,,,,
10180002,2003.714947,31.666,64.168,3650,3593.722,,2.3115,3.2466,34.9017,266.7,-9.99,0.03,,,-9.99,,,,,
10180002,2003.714947,31.666,64.168,3652,3595.6748,,2.3117,3.2466,34.9017,266.72,-9.99,0.025,,,-9.99,,,,,
10180002,2003.714947,31.666,64.168,3654,3597.6276,,2.3114,3.2467,34.9015,266.76,-9.99,0.018,,,-9.99,,,,,
10180002,2003.714947,31.666,64.168,3656,3599.5804,,2.3106,3.2467,34.9014,266.64,-9.99,0.019,,,-9.99,,,,,
10180002,2003.714947,31.666,64.168,3658,3601.5332,,2.31,3.2467,34.9014,266.58,-9.99,0.018,,,-9.99,,,,,
10180002,2003.714947,31.666,64.168,3660,3603.4859,,2.3098,3.2467,34.9015,266.62,-9.99,0.018,,,-9.99,,,,,
10180002,2003.714947,31.666,64.168,3662,3605.4387,,2.3096,3.2468,34.9014,266.68,-9.99,0.014,,,-9.99,,,,,
10180002,2003.714947,31.666,64.168,3664,3607.3914,,2.3094,3.2468,34.9012,266.63,-9.99,0.014,,,-9.99,,,,,
10180002,2003.714947,31.666,64.168,3666,3609.3441,,2.3094,3.2469,34.9012,266.44,-9.99,0.017,,,-9.99,,,,,
10180002,2003.714947,31.666,64.168,3668,3611.2968,,2.3092,3.247,34.9013,266.37,-9.99,0.013,,,-9.99,,,,,
10180002,2003.714947,31.666,64.168,3670,3613.2494,,2.309,3.247,34.9013,266.42,-9.99,0.009,,,-9.99,,,,,
10180002,2003.714947,31.666,64.168,3672,3615.2021,,2.3085,3.247,34.9012,266.49,-9.99,0.014,,,-9.99,,,,,
10180002,2003.714947,31.666,64.168,3674,3617.1547,,2.3078,3.247,34.901,266.56,-9.99,0.012,,,-9.99,,,,,
10180002,2003.714947,31.666,64.168,3676,3619.1073,,2.3073,3.2471,34.901,266.5,-9.99,0.022,,,-9.99,,,,,
10180002,2003.714947,31.666,64.168,3678,3621.0599,,2.3065,3.247,34.9009,266.46,-9.99,0.021,,,-9.99,,,,,
10180002,2003.714947,31.666,64.168,3680,3623.0125,,2.3055,3.247,34.9008,266.42,-9.99,0.018,,,-9.99,,,,,
10180002,2003.714947,31.666,64.168,3682,3624.965,,2.3046,3.247,34.9008,266.38,-9.99,0.018,,,-9.99,,,,,
10180002,2003.714947,31.666,64.168,3684,3626.9176,,2.3035,3.247,34.9007,266.39,-9.99,0.019,,,-9.99,,,,,
10180002,2003.714947,31.666,64.168,3686,3628.8701,,2.3022,3.2469,34.9006,266.4,-9.99,0.019,,,-9.99,,,,,
10180002,2003.714947,31.666,64.168,3688,3630.8226,,2.3015,3.2469,34.9006,266.38,-9.99,0.021,,,-9.99,,,,,
10180002,2003.714947,31.666,64.168,3690,3632.7751,,2.3004,3.2469,34.9005,266.4,-9.99,0.021,,,-9.99,,,,,
10180002,2003.714947,31.666,64.168,3692,3634.7276,,2.2998,3.2469,34.9005,266.4,-9.99,0.026,,,-9.99,,,,,
10180002,2003.714947,31.666,64.168,3694,3636.68,,2.2992,3.2469,34.9003,266.33,-9.99,0.02,,,-9.99,,,,,
10180002,2003.714947,31.666,64.168,3696,3638.6325,,2.2984,3.2469,34.9001,266.31,-9.99,0.015,,,-9.99,,,,,
10180002,2003.714947,31.666,64.168,3698,3640.5849,,2.2977,3.2469,34.9001,266.28,-9.99,0.014,,,-9.99,,,,,
10180002,2003.714947,31.666,64.168,3700,3642.5373,,2.297,3.2469,34.9001,266.26,-9.99,0.016,,,-9.99,,,,,
10180002,2003.714947,31.666,64.168,3702,3644.4897,,2.2964,3.2469,34.9001,266.23,-9.99,0.015,,,-9.99,,,,,
10180002,2003.714947,31.666,64.168,3704,3646.4421,,2.2965,3.247,34.9002,266.3,-9.99,0.022,,,-9.99,,,,,
10180002,2003.714947,31.666,64.168,3706,3648.3944,,2.2964,3.2471,34.9002,266.36,-9.99,0.025,,,-9.99,,,,,
10180002,2003.714947,31.666,64.168,3708,3650.3468,,2.2962,3.2471,34.9,266.35,-9.99,0.024,,,-9.99,,,,,
10180002,2003.714947,31.666,64.168,3710,3652.2991,,2.2957,3.2472,34.9,266.24,-9.99,0.015,,,-9.99,,,,,
10180002,2003.714947,31.666,64.168,3712,3654.2514,,2.2955,3.2472,34.8999,266.3,-9.99,0.013,,,-9.99,,,,,
10180002,2003.714947,31.666,64.168,3714,3656.2037,,2.295,3.2472,34.8999,266.36,-9.99,0.016,,,-9.99,,,,,
10180002,2003.714947,31.666,64.168,3716,3658.1559,,2.2942,3.2472,34.8998,266.18,-9.99,0.011,,,-9.99,,,,,
10180002,2003.714947,31.666,64.168,3718,3660.1082,,2.2925,3.2471,34.8996,266.18,-9.99,0.022,,,-9.99,,,,,
10180002,2003.714947,31.666,64.168,3720,3662.0604,,2.2923,3.2472,34.8997,266.08,-9.99,0.015,,,-9.99,,,,,
10180002,2003.714947,31.666,64.168,3722,3664.0126,,2.2921,3.2472,34.8997,266.11,-9.99,0.014,,,-9.99,,,,,
10180002,2003.714947,31.666,64.168,3724,3665.9648,,2.2918,3.2473,34.8996,266.17,-9.99,0.02,,,-9.99,,,,,
10180002,2003.714947,31.666,64.168,3726,3667.917,,2.2918,3.2474,34.8996,266.23,-9.99,0.012,,,-9.99,,,,,
10180002,2003.714947,31.666,64.168,3728,3669.8692,,2.2915,3.2474,34.8995,266.19,-9.99,0.008,,,-9.99,,,,,
10180002,2003.714947,31.666,64.168,3730,3671.8213,,2.2913,3.2474,34.8995,266.11,-9.99,0.009,,,-9.99,,,,,
10180002,2003.714947,31.666,64.168,3732,3673.7735,,2.2911,3.2475,34.8995,266.13,-9.99,0.018,,,-9.99,,,,,
10180002,2003.714947,31.666,64.168,3734,3675.7256,,2.2909,3.2475,34.8995,266.01,-9.99,0.017,,,-9.99,,,,,
10180002,2003.714947,31.666,64.168,3736,3677.6777,,2.2908,3.2476,34.8994,266.03,-9.99,0.019,,,-9.99,,,,,
10180002,2003.714947,31.666,64.168,3738,3679.6297,,2.2906,3.2477,34.8994,266.09,-9.99,0.02,,,-9.99,,,,,
10180002,2003.714947,31.666,64.168,3740,3681.5818,,2.2902,3.2477,34.8994,266.14,-9.99,0.019,,,-9.99,,,,,
10180002,2003.714947,31.666,64.168,3742,3683.5339,,2.2898,3.2477,34.8993,266.12,-9.99,0.019,,,-9.99,,,,,
10180002,2003.714947,31.666,64.168,3744,3685.4859,,2.2888,3.2477,34.8992,266.09,-9.99,0.017,,,-9.99,,,,,
10180002,2003.714947,31.666,64.168,3746,3687.4379,,2.2878,3.2477,34.8991,266.01,-9.99,0.015,,,-9.99,,,,,
10180002,2003.714947,31.666,64.168,3748,3689.3899,,2.286,3.2476,34.8989,265.9,-9.99,0.016,,,-9.99,,,,,
10180002,2003.714947,31.666,64.168,3750,3691.3419,,2.2849,3.2475,34.8987,265.98,-9.99,0.018,,,-9.99,,,,,
10180002,2003.714947,31.666,64.168,3752,3693.2938,,2.2843,3.2475,34.8986,266.05,-9.99,0.013,,,-9.99,,,,,
10180002,2003.714947,31.666,64.168,3754,3695.2458,,2.2846,3.2476,34.8987,266.07,-9.99,0.016,,,-9.99,,,,,
10180002,2003.714947,31.666,64.168,3756,3697.1977,,2.2844,3.2477,34.8987,266.02,-9.99,0.017,,,-9.99,,,,,
10180002,2003.714947,31.666,64.168,3758,3699.1496,,2.2836,3.2477,34.8986,265.96,-9.99,0.019,,,-9.99,,,,,
10180002,2003.714947,31.666,64.168,3760,3701.1015,,2.2827,3.2477,34.8986,266.1,-9.99,0.016,,,-9.99,,,,,
10180002,2003.714947,31.666,64.168,3762,3703.0533,,2.2821,3.2477,34.8984,266.02,-9.99,0.01,,,-9.99,,,,,
10180002,2003.714947,31.666,64.168,3764,3705.0052,,2.2814,3.2477,34.8983,265.99,-9.99,0.008,,,-9.99,,,,,
10180002,2003.714947,31.666,64.168,3766,3706.957,,2.2809,3.2477,34.8982,265.87,-9.99,0.008,,,-9.99,,,,,
10180002,2003.714947,31.666,64.168,3768,3708.9089,,2.2805,3.2477,34.8982,265.87,-9.99,0.01,,,-9.99,,,,,
10180002,2003.714947,31.666,64.168,3770,3710.8607,,2.2805,3.2478,34.8982,265.85,-9.99,0.012,,,-9.99,,,,,
10180002,2003.714947,31.666,64.168,3772,3712.8125,,2.2802,3.2478,34.8982,265.92,-9.99,0.012,,,-9.99,,,,,
10180002,2003.714947,31.666,64.168,3774,3714.7642,,2.2798,3.2479,34.8982,265.88,-9.99,0.01,,,-9.99,,,,,
10180002,2003.714947,31.666,64.168,3776,3716.716,,2.2794,3.2479,34.8981,265.87,-9.99,0.01,,,-9.99,,,,,
10180002,2003.714947,31.666,64.168,3778,3718.6677,,2.2788,3.2479,34.8981,265.87,-9.99,0.015,,,-9.99,,,,,
10180002,2003.714947,31.666,64.168,3780,3720.6194,,2.2784,3.248,34.898,265.9,-9.99,0.021,,,-9.99,,,,,
10180002,2003.714947,31.666,64.168,3782,3722.5711,,2.2778,3.248,34.8979,265.97,-9.99,0.02,,,-9.99,,,,,
10180002,2003.714947,31.666,64.168,3784,3724.5228,,2.2768,3.2479,34.8978,265.96,-9.99,0.011,,,-9.99,,,,,
10180002,2003.714947,31.666,64.168,3786,3726.4745,,2.2762,3.248,34.8978,265.84,-9.99,0.016,,,-9.99,,,,,
10180002,2003.714947,31.666,64.168,3788,3728.4261,,2.2759,3.248,34.8976,265.71,-9.99,0.021,,,-9.99,,,,,
10180002,2003.714947,31.666,64.168,3790,3730.3778,,2.2757,3.248,34.8976,265.74,-9.99,0.02,,,-9.99,,,,,
10180002,2003.714947,31.666,64.168,3792,3732.3294,,2.275,3.248,34.8976,265.81,-9.99,0.015,,,-9.99,,,,,
10180002,2003.714947,31.666,64.168,3794,3734.281,,2.2745,3.2481,34.8975,265.86,-9.99,0.015,,,-9.99,,,,,
10180002,2003.714947,31.666,64.168,3796,3736.2325,,2.2741,3.2481,34.8974,265.77,-9.99,0.017,,,-9.99,,,,,
10180002,2003.714947,31.666,64.168,3798,3738.1841,,2.2738,3.2481,34.8975,265.72,-9.99,0.007,,,-9.99,,,,,
10180002,2003.714947,31.666,64.168,3800,3740.1357,,2.2732,3.2481,34.8972,265.72,-9.99,0.015,,,-9.99,,,,,
10180002,2003.714947,31.666,64.168,3802,3742.0872,,2.2716,3.248,34.897,265.65,-9.99,0.02,,,-9.99,,,,,
10180002,2003.714947,31.666,64.168,3804,3744.0387,,2.2707,3.248,34.897,265.63,-9.99,0.024,,,-9.99,,,,,
10180002,2003.714947,31.666,64.168,3806,3745.9902,,2.2707,3.2481,34.8969,265.47,-9.99,0.022,,,-9.99,,,,,
10180002,2003.714947,31.666,64.168,3808,3747.9417,,2.2701,3.2481,34.897,265.56,-9.99,0.017,,,-9.99,,,,,
10180002,2003.714947,31.666,64.168,3810,3749.8931,,2.2698,3.2482,34.8969,265.51,-9.99,0.013,,,-9.99,,,,,
10180002,2003.714947,31.666,64.168,3812,3751.8446,,2.2696,3.2482,34.8969,265.49,-9.99,0.013,,,-9.99,,,,,
10180002,2003.714947,31.666,64.168,3814,3753.796,,2.2696,3.2483,34.8968,265.46,-9.99,0.019,,,-9.99,,,,,
10180002,2003.714947,31.666,64.168,3816,3755.7474,,2.269,3.2483,34.8968,265.53,-9.99,0.022,,,-9.99,,,,,
10180002,2003.714947,31.666,64.168,3818,3757.6988,,2.2686,3.2483,34.8968,265.59,-9.99,0.018,,,-9.99,,,,,
10180002,2003.714947,31.666,64.168,3820,3759.6502,,2.2685,3.2484,34.8969,265.65,-9.99,0.013,,,-9.99,,,,,
10180002,2003.714947,31.666,64.168,3822,3761.6015,,2.2689,3.2485,34.8969,265.58,-9.99,0.013,,,-9.99,,,,,
10180002,2003.714947,31.666,64.168,3824,3763.5529,,2.2687,3.2485,34.8967,265.27,-9.99,0.012,,,-9.99,,,,,
10180002,2003.714947,31.666,64.168,3826,3765.5042,,2.2664,3.2484,34.8966,265.34,-9.99,0.007,,,-9.99,,,,,
10180002,2003.714947,31.666,64.168,3828,3767.4555,,2.265,3.2483,34.8964,265.42,-9.99,0.01,,,-9.99,,,,,
10180002,2003.714947,31.666,64.168,3830,3769.4068,,2.2642,3.2483,34.8964,265.47,-9.99,0.019,,,-9.99,,,,,
10180002,2003.714947,31.666,64.168,3832,3771.3581,,2.2634,3.2483,34.8962,265.34,-9.99,0.015,,,-9.99,,,,,
10180002,2003.714947,31.666,64.168,3834,3773.3093,,2.2627,3.2483,34.8963,265.26,-9.99,0.01,,,-9.99,,,,,
10180002,2003.714947,31.666,64.168,3836,3775.2606,,2.262,3.2483,34.8962,265.14,-9.99,0.019,,,-9.99,,,,,
10180002,2003.714947,31.666,64.168,3838,3777.2118,,2.2616,3.2484,34.8961,265.22,-9.99,0.024,,,-9.99,,,,,
10180002,2003.714947,31.666,64.168,3840,3779.163,,2.2615,3.2484,34.896,265.25,-9.99,0.021,,,-9.99,,,,,
10180002,2003.714947,31.666,64.168,3842,3781.1142,,2.2612,3.2485,34.896,265.21,-9.99,0.016,,,-9.99,,,,,
10180002,2003.714947,31.666,64.168,3844,3783.0653,,2.2612,3.2485,34.896,265.2,-9.99,0.016,,,-9.99,,,,,
10180002,2003.714947,31.666,64.168,3846,3785.0165,,2.2611,3.2486,34.896,265.13,-9.99,0.014,,,-9.99,,,,,
10180002,2003.714947,31.666,64.168,3848,3786.9676,,2.2612,3.2487,34.896,265.09,-9.99,0.014,,,-9.99,,,,,
10180002,2003.714947,31.666,64.168,3850,3788.9187,,2.2614,3.2488,34.896,265.06,-9.99,0.014,,,-9.99,,,,,
10180002,2003.714947,31.666,64.168,3852,3790.8698,,2.2617,3.2489,34.896,265.12,-9.99,0.017,,,-9.99,,,,,
10180002,2003.714947,31.666,64.168,3854,3792.8209,,2.2617,3.2489,34.8961,265.16,-9.99,0.018,,,-9.99,,,,,
10180002,2003.714947,31.666,64.168,3856,3794.772,,2.2618,3.249,34.8961,265.22,-9.99,0.019,,,-9.99,,,,,
10180002,2003.714947,31.666,64.168,3858,3796.723,,2.2617,3.2491,34.8959,265.19,-9.99,0.017,,,-9.99,,,,,
10180002,2003.714947,31.666,64.168,3860,3798.6741,,2.2614,3.2491,34.8958,265.14,-9.99,0.017,,,-9.99,,,,,
10180002,2003.714947,31.666,64.168,3862,3800.6251,,2.2608,3.2491,34.8958,265.09,-9.99,0.018,,,-9.99,,,,,
10180002,2003.714947,31.666,64.168,3864,3802.5761,,2.2601,3.2491,34.8957,265.03,-9.99,0.019,,,-9.99,,,,,
10180002,2003.714947,31.666,64.168,3866,3804.5271,,2.2598,3.2491,34.8956,265.03,-9.99,0.02,,,-9.99,,,,,
10180002,2003.714947,31.666,64.168,3868,3806.478,,2.2598,3.2492,34.8955,265.1,-9.99,0.017,,,-9.99,,,,,
10180002,2003.714947,31.666,64.168,3870,3808.429,,2.2586,3.2492,34.8955,265.17,-9.99,0.012,,,-9.99,,,,,
10180002,2003.714947,31.666,64.168,3872,3810.3799,,2.2585,3.2492,34.8954,265.02,-9.99,0.016,,,-9.99,,,,,
10180002,2003.714947,31.666,64.168,3874,3812.3308,,2.2579,3.2492,34.8954,265.01,-9.99,0.022,,,-9.99,,,,,
10180002,2003.714947,31.666,64.168,3876,3814.2817,,2.2579,3.2493,34.8955,265.07,-9.99,0.028,,,-9.99,,,,,
10180002,2003.714947,31.666,64.168,3878,3816.2326,,2.258,3.2494,34.8953,264.97,-9.99,0.026,,,-9.99,,,,,
10180002,2003.714947,31.666,64.168,3880,3818.1834,,2.2579,3.2495,34.8955,264.94,-9.99,0.03,,,-9.99,,,,,
10180002,2003.714947,31.666,64.168,3882,3820.1343,,2.2578,3.2495,34.8955,264.99,-9.99,0.019,,,-9.99,,,,,
10180002,2003.714947,31.666,64.168,3884,3822.0851,,2.2575,3.2495,34.8953,265.06,-9.99,0.014,,,-9.99,,,,,
10180002,2003.714947,31.666,64.168,3886,3824.0359,,2.2578,3.2496,34.8952,265.02,-9.99,0.017,,,-9.99,,,,,
10180002,2003.714947,31.666,64.168,3888,3825.9867,,2.2578,3.2497,34.8953,264.92,-9.99,0.028,,,-9.99,,,,,
10180002,2003.714947,31.666,64.168,3890,3827.9375,,2.2576,3.2498,34.8953,264.98,-9.99,0.026,,,-9.99,,,,,
10180002,2003.714947,31.666,64.168,3892,3829.8882,,2.2568,3.2498,34.8952,264.91,-9.99,0.025,,,-9.99,,,,,
10180002,2003.714947,31.666,64.168,3894,3831.839,,2.2561,3.2498,34.8951,264.86,-9.99,0.022,,,-9.99,,,,,
10180002,2003.714947,31.666,64.168,3896,3833.7897,,2.2561,3.2498,34.8952,264.91,-9.99,0.019,,,-9.99,,,,,
10180002,2003.714947,31.666,64.168,3898,3835.7404,,2.256,3.2499,34.8951,264.96,-9.99,0.024,,,-9.99,,,,,
10180002,2003.714947,31.666,64.168,3900,3837.6911,,2.2552,3.2499,34.8949,264.8,-9.99,0.022,,,-9.99,,,,,
10180002,2003.714947,31.666,64.168,3902,3839.6418,,2.2548,3.2499,34.8949,264.76,-9.99,0.019,,,-9.99,,,,,
10180002,2003.714947,31.666,64.168,3904,3841.5924,,2.2545,3.2499,34.8949,264.63,-9.99,0.014,,,-9.99,,,,,
10180002,2003.714947,31.666,64.168,3906,3843.5431,,2.2542,3.25,34.8949,264.69,-9.99,0.021,,,-9.99,,,,,
10180002,2003.714947,31.666,64.168,3908,3845.4937,,2.2539,3.25,34.8947,264.73,-9.99,0.016,,,-9.99,,,,,
10180002,2003.714947,31.666,64.168,3910,3847.4443,,2.2536,3.2501,34.8947,264.8,-9.99,0.019,,,-9.99,,,,,
10180002,2003.714947,31.666,64.168,3912,3849.3949,,2.2532,3.2501,34.8948,264.67,-9.99,0.026,,,-9.99,,,,,
10180002,2003.714947,31.666,64.168,3914,3851.3455,,2.2529,3.2501,34.8946,264.68,-9.99,0.02,,,-9.99,,,,,
10180002,2003.714947,31.666,64.168,3916,3853.296,,2.2521,3.2501,34.8945,264.75,-9.99,0.012,,,-9.99,,,,,
10180002,2003.714947,31.666,64.168,3918,3855.2465,,2.2513,3.2501,34.8945,264.65,-9.99,0.011,,,-9.99,,,,,
10180002,2003.714947,31.666,64.168,3920,3857.1971,,2.251,3.2502,34.8945,264.62,-9.99,0.021,,,-9.99,,,,,
10180002,2003.714947,31.666,64.168,3922,3859.1476,,2.2509,3.2502,34.8943,264.68,-9.99,0.021,,,-9.99,,,,,
10180002,2003.714947,31.666,64.168,3924,3861.098,,2.2504,3.2502,34.8943,264.75,-9.99,0.015,,,-9.99,,,,,
10180002,2003.714947,31.666,64.168,3926,3863.0485,,2.2503,3.2503,34.8943,264.69,-9.99,0.016,,,-9.99,,,,,
10180002,2003.714947,31.666,64.168,3928,3864.999,,2.2497,3.2503,34.8944,264.63,-9.99,0.013,,,-9.99,,,,,
10180002,2003.714947,31.666,64.168,3930,3866.9494,,2.2495,3.2504,34.8943,264.63,-9.99,0.011,,,-9.99,,,,,
10180002,2003.714947,31.666,64.168,3932,3868.8998,,2.2489,3.2504,34.8942,264.57,-9.99,0.013,,,-9.99,,,,,
10180002,2003.714947,31.666,64.168,3934,3870.8502,,2.2484,3.2504,34.8941,264.54,-9.99,0.014,,,-9.99,,,,,
10180002,2003.714947,31.666,64.168,3936,3872.8006,,2.248,3.2504,34.894,264.59,-9.99,0.01,,,-9.99,,,,,
10180002,2003.714947,31.666,64.168,3938,3874.751,,2.2479,3.2505,34.894,264.6,-9.99,0.008,,,-9.99,,,,,
10180002,2003.714947,31.666,64.168,3940,3876.7013,,2.2475,3.2505,34.8939,264.54,-9.99,0.008,,,-9.99,,,,,
10180002,2003.714947,31.666,64.168,3942,3878.6516,,2.2475,3.2506,34.8938,264.52,-9.99,0.012,,,-9.99,,,,,
10180002,2003.714947,31.666,64.168,3944,3880.602,,2.2475,3.2506,34.8939,264.53,-9.99,0.014,,,-9.99,,,,,
10180002,2003.714947,31.666,64.168,3946,3882.5522,,2.2472,3.2507,34.8938,264.5,-9.99,0.016,,,-9.99,,,,,
10180002,2003.714947,31.666,64.168,3948,3884.5025,,2.2464,3.2507,34.8937,264.45,-9.99,0.017,,,-9.99,,,,,
10180002,2003.714947,31.666,64.168,3950,3886.4528,,2.2457,3.2507,34.8937,264.51,-9.99,0.022,,,-9.99,,,,,
10180002,2003.714947,31.666,64.168,3952,3888.403,,2.2452,3.2507,34.8935,264.49,-9.99,0.013,,,-9.99,,,,,
10180002,2003.714947,31.666,64.168,3954,3890.3533,,2.2451,3.2508,34.8936,264.37,-9.99,0.005,,,-9.99,,,,,
10180002,2003.714947,31.666,64.168,3956,3892.3035,,2.2445,3.2508,34.8935,264.31,-9.99,0.008,,,-9.99,,,,,
10180002,2003.714947,31.666,64.168,3958,3894.2537,,2.2438,3.2508,34.8935,264.26,-9.99,0.02,,,-9.99,,,,,
10180002,2003.714947,31.666,64.168,3960,3896.2038,,2.2433,3.2508,34.8934,264.3,-9.99,0.018,,,-9.99,,,,,
10180002,2003.714947,31.666,64.168,3962,3898.154,,2.2433,3.2509,34.8934,264.36,-9.99,0.001,,,-9.99,,,,,
10180002,2003.714947,31.666,64.168,3964,3900.1041,,2.2434,3.2509,34.8934,264.34,-9.99,0.022,,,-9.99,,,,,
10180002,2003.714947,31.666,64.168,3966,3902.0543,,2.2433,3.251,34.8935,264.44,-9.99,0.025,,,-9.99,,,,,
10180002,2003.714947,31.666,64.168,3968,3904.0044,,2.2429,3.251,34.8932,264.54,-9.99,0.027,,,-9.99,,,,,
10180002,2003.714947,31.666,64.168,3970,3905.9545,,2.2422,3.251,34.8931,264.43,-9.99,0.02,,,-9.99,,,,,
10180002,2003.714947,31.666,64.168,3972,3907.9045,,2.242,3.2511,34.8931,264.26,-9.99,0.015,,,-9.99,,,,,
10180002,2003.714947,31.666,64.168,3974,3909.8546,,2.2422,3.2512,34.8931,264.22,-9.99,0.015,,,-9.99,,,,,
10180002,2003.714947,31.666,64.168,3976,3911.8046,,2.2423,3.2512,34.8931,264.24,-9.99,0.015,,,-9.99,,,,,
10180002,2003.714947,31.666,64.168,3978,3913.7547,,2.2425,3.2513,34.8931,264.2,-9.99,0.013,,,-9.99,,,,,
10180002,2003.714947,31.666,64.168,3980,3915.7047,,2.2427,3.2514,34.8932,264.12,-9.99,0.017,,,-9.99,,,,,
10180002,2003.714947,31.666,64.168,3982,3917.6547,,2.2421,3.2514,34.893,264.12,-9.99,0.016,,,-9.99,,,,,
10180002,2003.714947,31.666,64.168,3984,3919.6046,,2.2412,3.2514,34.8929,264.05,-9.99,0.014,,,-9.99,,,,,
10180002,2003.714947,31.666,64.168,3986,3921.5546,,2.2403,3.2514,34.8928,264.04,-9.99,0.012,,,-9.99,,,,,
10180002,2003.714947,31.666,64.168,3988,3923.5045,,2.2391,3.2513,34.8926,264.07,-9.99,0.006,,,-9.99,,,,,
10180002,2003.714947,31.666,64.168,3990,3925.4544,,2.2385,3.2513,34.8926,263.89,-9.99,0.016,,,-9.99,,,,,
10180002,2003.714947,31.666,64.168,3992,3927.4044,,2.2382,3.2514,34.8925,263.97,-9.99,0.016,,,-9.99,,,,,
10180002,2003.714947,31.666,64.168,3994,3929.3542,,2.2381,3.2514,34.8924,263.98,-9.99,0.021,,,-9.99,,,,,
10180002,2003.714947,31.666,64.168,3996,3931.3041,,2.2379,3.2515,34.8924,263.8,-9.99,0.021,,,-9.99,,,,,
10180002,2003.714947,31.666,64.168,3998,3933.254,,2.2379,3.2516,34.8924,263.87,-9.99,0.019,,,-9.99,,,,,
10180002,2003.714947,31.666,64.168,4000,3935.2038,,2.2379,3.2516,34.8925,263.93,-9.99,0.021,,,-9.99,,,,,
10180002,2003.714947,31.666,64.168,4002,3937.1536,,2.2376,3.2517,34.8925,263.93,-9.99,0.024,,,-9.99,,,,,
10180002,2003.714947,31.666,64.168,4004,3939.1034,,2.2371,3.2517,34.8923,263.78,-9.99,0.023,,,-9.99,,,,,
10180002,2003.714947,31.666,64.168,4006,3941.0532,,2.2365,3.2517,34.8922,263.71,-9.99,0.021,,,-9.99,,,,,
10180002,2003.714947,31.666,64.168,4008,3943.003,,2.2359,3.2517,34.8922,263.69,-9.99,0.014,,,-9.99,,,,,
10180002,2003.714947,31.666,64.168,4010,3944.9527,,2.2356,3.2517,34.8921,263.71,-9.99,0.012,,,-9.99,,,,,
10180002,2003.714947,31.666,64.168,4012,3946.9025,,2.235,3.2518,34.892,263.79,-9.99,0.013,,,-9.99,,,,,
10180002,2003.714947,31.666,64.168,4014,3948.8522,,2.2341,3.2517,34.8919,263.71,-9.99,0.014,,,-9.99,,,,,
10180002,2003.714947,31.666,64.168,4016,3950.8019,,2.2336,3.2518,34.8919,263.6,-9.99,0.013,,,-9.99,,,,,
10180002,2003.714947,31.666,64.168,4018,3952.7515,,2.2329,3.2518,34.8918,263.48,-9.99,0.014,,,-9.99,,,,,
10180002,2003.714947,31.666,64.168,4020,3954.7012,,2.2324,3.2518,34.8917,263.52,-9.99,0.015,,,-9.99,,,,,
10180002,2003.714947,31.666,64.168,4022,3956.6509,,2.2318,3.2518,34.8917,263.59,-9.99,0.016,,,-9.99,,,,,
10180002,2003.714947,31.666,64.168,4024,3958.6005,,2.2318,3.2519,34.8917,263.59,-9.99,0.02,,,-9.99,,,,,
10180002,2003.714947,31.666,64.168,4026,3960.5501,,2.2317,3.2519,34.8915,263.48,-9.99,0.023,,,-9.99,,,,,
10180002,2003.714947,31.666,64.168,4028,3962.4997,,2.2308,3.2519,34.8916,263.49,-9.99,0.014,,,-9.99,,,,,
10180002,2003.714947,31.666,64.168,4030,3964.4493,,2.2304,3.2519,34.8916,263.37,-9.99,0.015,,,-9.99,,,,,
10180002,2003.714947,31.666,64.168,4032,3966.3988,,2.2304,3.252,34.8915,263.36,-9.99,0.023,,,-9.99,,,,,
10180002,2003.714947,31.666,64.168,4034,3968.3484,,2.23,3.252,34.8914,263.41,-9.99,0.018,,,-9.99,,,,,
10180002,2003.714947,31.666,64.168,4036,3970.2979,,2.2294,3.252,34.8913,263.41,-9.99,0.018,,,-9.99,,,,,
10180002,2003.714947,31.666,64.168,4038,3972.2474,,2.2291,3.2521,34.8912,263.27,-9.99,0.018,,,-9.99,,,,,
10180002,2003.714947,31.666,64.168,4040,3974.1969,,2.2288,3.2521,34.8912,263.34,-9.99,0.016,,,-9.99,,,,,
10180002,2003.714947,31.666,64.168,4042,3976.1464,,2.229,3.2522,34.8912,263.38,-9.99,0.02,,,-9.99,,,,,
10180002,2003.714947,31.666,64.168,4044,3978.0959,,2.2293,3.2523,34.8912,263.18,-9.99,0.017,,,-9.99,,,,,
10180002,2003.714947,31.666,64.168,4046,3980.0453,,2.2294,3.2524,34.8912,263.24,-9.99,0.018,,,-9.99,,,,,
10180002,2003.714947,31.666,64.168,4048,3981.9947,,2.2295,3.2525,34.8913,263.3,-9.99,0.018,,,-9.99,,,,,
10180002,2003.714947,31.666,64.168,4050,3983.9441,,2.2293,3.2525,34.8912,263.35,-9.99,0.022,,,-9.99,,,,,
10180002,2003.714947,31.666,64.168,4052,3985.8935,,2.2293,3.2526,34.8912,263.29,-9.99,0.022,,,-9.99,,,,,
10180002,2003.714947,31.666,64.168,4054,3987.8429,,2.2293,3.2526,34.8911,263.23,-9.99,0.018,,,-9.99,,,,,
10180002,2003.714947,31.666,64.168,4056,3989.7923,,2.2292,3.2527,34.8911,263.28,-9.99,0.018,,,-9.99,,,,,
10180002,2003.714947,31.666,64.168,4058,3991.7416,,2.229,3.2527,34.891,263.31,-9.99,0.019,,,-9.99,,,,,
10180002,2003.714947,31.666,64.168,4060,3993.6909,,2.2289,3.2528,34.891,263.28,-9.99,0.019,,,-9.99,,,,,
10180002,2003.714947,31.666,64.168,4062,3995.6402,,2.2289,3.2529,34.8909,263.21,-9.99,0.019,,,-9.99,,,,,
10180002,2003.714947,31.666,64.168,4064,3997.5895,,2.2287,3.2529,34.8909,263.24,-9.99,0.022,,,-9.99,,,,,
10180002,2003.714947,31.666,64.168,4066,3999.5388,,2.2285,3.253,34.891,263.29,-9.99,0.026,,,-9.99,,,,,
10180002,2003.714947,31.666,64.168,4068,4001.4881,,2.2284,3.253,34.8909,263.36,-9.99,0.02,,,-9.99,,,,,
10180002,2003.714947,31.666,64.168,4070,4003.4373,,2.2284,3.2531,34.8908,263.4,-9.99,0.018,,,-9.99,,,,,
10180002,2003.714947,31.666,64.168,4072,4005.3865,,2.2284,3.2531,34.8908,263.34,-9.99,0.015,,,-9.99,,,,,
10180002,2003.714947,31.666,64.168,4074,4007.3357,,2.2289,3.2533,34.8908,263.25,-9.99,0.015,,,-9.99,,,,,
10180002,2003.714947,31.666,64.168,4076,4009.2849,,2.2286,3.2533,34.8907,263.31,-9.99,0.025,,,-9.99,,,,,
10180002,2003.714947,31.666,64.168,4078,4011.2341,,2.2279,3.2533,34.8907,263.33,-9.99,0.024,,,-9.99,,,,,
10180002,2003.714947,31.666,64.168,4080,4013.1832,,2.2276,3.2533,34.8906,263.16,-9.99,0.011,,,-9.99,,,,,
10180002,2003.714947,31.666,64.168,4082,4015.1324,,2.2277,3.2534,34.8907,263.25,-9.99,0.018,,,-9.99,,,,,
10180002,2003.714947,31.666,64.168,4084,4017.0815,,2.2277,3.2535,34.8907,263.26,-9.99,0.022,,,-9.99,,,,,
10180002,2003.714947,31.666,64.168,4086,4019.0306,,2.2276,3.2535,34.8906,263.18,-9.99,0.019,,,-9.99,,,,,
10180002,2003.714947,31.666,64.168,4088,4020.9797,,2.2275,3.2536,34.8906,263.1,-9.99,0.016,,,-9.99,,,,,
10180002,2003.714947,31.666,64.168,4090,4022.9288,,2.2272,3.2536,34.8906,263.06,-9.99,0.015,,,-9.99,,,,,
10180002,2003.714947,31.666,64.168,4092,4024.8778,,2.2269,3.2537,34.8905,263.05,-9.99,0.016,,,-9.99,,,,,
10180002,2003.714947,31.666,64.168,4094,4026.8269,,2.2267,3.2537,34.8904,263,-9.99,0.014,,,-9.99,,,,,
10180002,2003.714947,31.666,64.168,4096,4028.7759,,2.2263,3.2537,34.8902,262.99,-9.99,0.016,,,-9.99,,,,,
10180002,2003.714947,31.666,64.168,4098,4030.7249,,2.2257,3.2537,34.8901,262.91,-9.99,0.018,,,-9.99,,,,,
10180002,2003.714947,31.666,64.168,4100,4032.6739,,2.2255,3.2538,34.8902,262.93,-9.99,0.021,,,-9.99,,,,,
10180002,2003.714947,31.666,64.168,4102,4034.6228,,2.2254,3.2539,34.8902,262.9,-9.99,0.016,,,-9.99,,,,,
10180002,2003.714947,31.666,64.168,4104,4036.5718,,2.2253,3.2539,34.8902,262.89,-9.99,0.018,,,-9.99,,,,,
10180002,2003.714947,31.666,64.168,4106,4038.5207,,2.225,3.254,34.8901,262.9,-9.99,0.018,,,-9.99,,,,,
10180002,2003.714947,31.666,64.168,4108,4040.4696,,2.2245,3.254,34.89,262.92,-9.99,0.021,,,-9.99,,,,,
10180002,2003.714947,31.666,64.168,4110,4042.4185,,2.224,3.254,34.8899,262.83,-9.99,0.018,,,-9.99,,,,,
10180002,2003.714947,31.666,64.168,4112,4044.3674,,2.2234,3.254,34.8898,262.83,-9.99,0.022,,,-9.99,,,,,
10180002,2003.714947,31.666,64.168,4114,4046.3163,,2.2222,3.254,34.8897,262.9,-9.99,0.019,,,-9.99,,,,,
10180002,2003.714947,31.666,64.168,4116,4048.2651,,2.222,3.254,34.8894,262.77,-9.99,0.014,,,-9.99,,,,,
10180002,2003.714947,31.666,64.168,4118,4050.2139,,2.2216,3.254,34.8897,262.72,-9.99,0.011,,,-9.99,,,,,
10180002,2003.714947,31.666,64.168,4120,4052.1628,,2.2215,3.2541,34.8895,262.74,-9.99,0.014,,,-9.99,,,,,
10180002,2003.714947,31.666,64.168,4122,4054.1116,,2.2216,3.2542,34.8894,262.58,-9.99,0.02,,,-9.99,,,,,
10180002,2003.714947,31.666,64.168,4124,4056.0603,,2.2217,3.2542,34.8894,262.63,-9.99,0.019,,,-9.99,,,,,
10180002,2003.714947,31.666,64.168,4126,4058.0091,,2.2211,3.2543,34.8895,262.7,-9.99,0.019,,,-9.99,,,,,
10180002,2003.714947,31.666,64.168,4128,4059.9578,,2.2209,3.2543,34.8893,262.67,-9.99,0.018,,,-9.99,,,,,
10180002,2003.714947,31.666,64.168,4130,4061.9066,,2.2208,3.2543,34.8892,262.54,-9.99,0.016,,,-9.99,,,,,
10180002,2003.714947,31.666,64.168,4132,4063.8553,,2.2207,3.2544,34.8893,262.61,-9.99,0.023,,,-9.99,,,,,
10180002,2003.714947,31.666,64.168,4134,4065.804,,2.2205,3.2544,34.8891,262.69,-9.99,0.016,,,-9.99,,,,,
10180002,2003.714947,31.666,64.168,4136,4067.7527,,2.2204,3.2545,34.8891,262.74,-9.99,0.013,,,-9.99,,,,,
10180002,2003.714947,31.666,64.168,4138,4069.7013,,2.2202,3.2546,34.8891,262.77,-9.99,0.018,,,-9.99,,,,,
10180002,2003.714947,31.666,64.168,4140,4071.65,,2.2203,3.2546,34.8891,262.71,-9.99,0.024,,,-9.99,,,,,
10180002,2003.714947,31.666,64.168,4142,4073.5986,,2.2204,3.2547,34.889,262.64,-9.99,0.027,,,-9.99,,,,,
10180002,2003.714947,31.666,64.168,4144,4075.5472,,2.2204,3.2548,34.8889,262.71,-9.99,0.023,,,-9.99,,,,,
10180002,2003.714947,31.666,64.168,4146,4077.4958,,2.2205,3.2548,34.8889,262.7,-9.99,0.017,,,-9.99,,,,,
10180002,2003.714947,31.666,64.168,4148,4079.4444,,2.2206,3.2549,34.8889,262.55,-9.99,0.016,,,-9.99,,,,,
10180002,2003.714947,31.666,64.168,4150,4081.3929,,2.2199,3.2549,34.889,262.62,-9.99,0.012,,,-9.99,,,,,
10180002,2003.714947,31.666,64.168,4152,4083.3415,,2.2197,3.255,34.8889,262.68,-9.99,0.018,,,-9.99,,,,,
10180002,2003.714947,31.666,64.168,4154,4085.29,,2.2194,3.255,34.8889,262.74,-9.99,0.015,,,-9.99,,,,,
10180002,2003.714947,31.666,64.168,4156,4087.2385,,2.2197,3.2551,34.8888,262.5,-9.99,0.015,,,-9.99,,,,,
10180002,2003.714947,31.666,64.168,4158,4089.187,,2.2197,3.2552,34.8888,262.56,-9.99,0.022,,,-9.99,,,,,
10180002,2003.714947,31.666,64.168,4160,4091.1355,,2.2192,3.2552,34.8889,262.45,-9.99,0.018,,,-9.99,,,,,
10180002,2003.714947,31.666,64.168,4162,4093.0839,,2.219,3.2553,34.8889,262.42,-9.99,0.013,,,-9.99,,,,,
10180002,2003.714947,31.666,64.168,4164,4095.0324,,2.2192,3.2553,34.8887,262.49,-9.99,0.008,,,-9.99,,,,,
10180002,2003.714947,31.666,64.168,4166,4096.9808,,2.2193,3.2554,34.8888,262.53,-9.99,0.018,,,-9.99,,,,,
10180002,2003.714947,31.666,64.168,4168,4098.9292,,2.2192,3.2555,34.8888,262.49,-9.99,0.018,,,-9.99,,,,,
10180002,2003.714947,31.666,64.168,4170,4100.8776,,2.2189,3.2555,34.8887,262.47,-9.99,0.019,,,-9.99,,,,,
10180002,2003.714947,31.666,64.168,4172,4102.826,,2.2184,3.2555,34.8886,262.46,-9.99,0.013,,,-9.99,,,,,
10180002,2003.714947,31.666,64.168,4174,4104.7743,,2.2181,3.2556,34.8885,262.43,-9.99,0.015,,,-9.99,,,,,
10180002,2003.714947,31.666,64.168,4176,4106.7227,,2.2179,3.2556,34.8885,262.39,-9.99,0.018,,,-9.99,,,,,
10180002,2003.714947,31.666,64.168,4178,4108.671,,2.2178,3.2557,34.8885,262.37,-9.99,0.018,,,-9.99,,,,,
10180002,2003.714947,31.666,64.168,4180,4110.6193,,2.2179,3.2557,34.8885,262.43,-9.99,0.02,,,-9.99,,,,,
10180002,2003.714947,31.666,64.168,4182,4112.5676,,2.2179,3.2558,34.8885,262.44,-9.99,0.023,,,-9.99,,,,,
10180002,2003.714947,31.666,64.168,4184,4114.5159,,2.218,3.2559,34.8885,262.45,-9.99,0.023,,,-9.99,,,,,
10180002,2003.714947,31.666,64.168,4186,4116.4641,,2.2183,3.256,34.8885,262.41,-9.99,0.018,,,-9.99,,,,,
10180002,2003.714947,31.666,64.168,4188,4118.4123,,2.2185,3.2561,34.8885,262.36,-9.99,0.012,,,-9.99,,,,,
10180002,2003.714947,31.666,64.168,4190,4120.3606,,2.2187,3.2561,34.8884,262.24,-9.99,0.01,,,-9.99,,,,,
10180002,2003.714947,31.666,64.168,4192,4122.3088,,2.2189,3.2562,34.8884,262.25,-9.99,0.011,,,-9.99,,,,,
10180002,2003.714947,31.666,64.168,4194,4124.257,,2.2189,3.2563,34.8884,262.29,-9.99,0.004,,,-9.99,,,,,
10180002,2003.714947,31.666,64.168,4196,4126.2051,,2.2191,3.2564,34.8883,262.35,-9.99,0.015,,,-9.99,,,,,
10180002,2003.714947,31.666,64.168,4198,4128.1533,,2.2189,3.2564,34.8882,262.38,-9.99,0.017,,,-9.99,,,,,
10180002,2003.714947,31.666,64.168,4200,4130.1014,,2.2183,3.2564,34.8883,262.26,-9.99,0.017,,,-9.99,,,,,
10180002,2003.714947,31.666,64.168,4202,4132.0495,,2.2184,3.2565,34.8882,262.24,-9.99,0.02,,,-9.99,,,,,
10180002,2003.714947,31.666,64.168,4204,4133.9976,,2.2185,3.2566,34.8882,262.3,-9.99,0.019,,,-9.99,,,,,
10180002,2003.714947,31.666,64.168,4206,4135.9457,,2.2188,3.2567,34.8881,262.21,-9.99,0.014,,,-9.99,,,,,
10180002,2003.714947,31.666,64.168,4208,4137.8938,,2.2186,3.2567,34.8882,262.14,-9.99,0.009,,,-9.99,,,,,
10180002,2003.714947,31.666,64.168,4210,4139.8418,,2.2185,3.2568,34.8881,262.2,-9.99,0.014,,,-9.99,,,,,
10180002,2003.714947,31.666,64.168,4212,4141.7899,,2.2184,3.2568,34.8881,262.26,-9.99,0.019,,,-9.99,,,,,
10180002,2003.714947,31.666,64.168,4214,4143.7379,,2.2181,3.2569,34.888,262.32,-9.99,0.018,,,-9.99,,,,,
10180002,2003.714947,31.666,64.168,4216,4145.6859,,2.2178,3.2569,34.8878,262.18,-9.99,0.018,,,-9.99,,,,,
10180002,2003.714947,31.666,64.168,4218,4147.6339,,2.2175,3.2569,34.8878,261.97,-9.99,0.014,,,-9.99,,,,,
10180002,2003.714947,31.666,64.168,4220,4149.5818,,2.2176,3.257,34.888,261.97,-9.99,0.008,,,-9.99,,,,,
10180002,2003.714947,31.666,64.168,4222,4151.5298,,2.2179,3.2571,34.8881,262.02,-9.99,0.009,,,-9.99,,,,,
10180002,2003.714947,31.666,64.168,4224,4153.4777,,2.2179,3.2572,34.888,262.08,-9.99,0.012,,,-9.99,,,,,
10180002,2003.714947,31.666,64.168,4226,4155.4256,,2.2176,3.2572,34.8878,262.12,-9.99,0.016,,,-9.99,,,,,
10180002,2003.714947,31.666,64.168,4228,4157.3735,,2.2172,3.2573,34.8879,261.98,-9.99,0.02,,,-9.99,,,,,
10180002,2003.714947,31.666,64.168,4230,4159.3214,,2.2173,3.2573,34.8879,261.97,-9.99,0.021,,,-9.99,,,,,
10180002,2003.714947,31.666,64.168,4232,4161.2693,,2.217,3.2574,34.8877,261.98,-9.99,0.017,,,-9.99,,,,,
10180002,2003.714947,31.666,64.168,4234,4163.2171,,2.2169,3.2574,34.8876,261.89,-9.99,0.019,,,-9.99,,,,,
10180002,2003.714947,31.666,64.168,4236,4165.165,,2.2169,3.2575,34.8877,261.88,-9.99,0.015,,,-9.99,,,,,
10180002,2003.714947,31.666,64.168,4238,4167.1128,,2.2166,3.2575,34.8876,261.94,-9.99,0.016,,,-9.99,,,,,
10180002,2003.714947,31.666,64.168,4240,4169.0606,,2.2167,3.2576,34.8877,261.89,-9.99,0.015,,,-9.99,,,,,
10180002,2003.714947,31.666,64.168,4242,4171.0083,,2.2167,3.2577,34.8876,261.77,-9.99,0.011,,,-9.99,,,,,
10180002,2003.714947,31.666,64.168,4244,4172.9561,,2.2165,3.2577,34.8875,261.84,-9.99,0.01,,,-9.99,,,,,
10180002,2003.714947,31.666,64.168,4246,4174.9039,,2.2162,3.2578,34.8875,261.81,-9.99,0.011,,,-9.99,,,,,
10180002,2003.714947,31.666,64.168,4248,4176.8516,,2.2162,3.2578,34.8874,261.76,-9.99,0.014,,,-9.99,,,,,
10180002,2003.714947,31.666,64.168,4250,4178.7993,,2.2162,3.2579,34.8874,261.75,-9.99,0.017,,,-9.99,,,,,
10180002,2003.714947,31.666,64.168,4252,4180.747,,2.2161,3.2579,34.8874,261.82,-9.99,0.015,,,-9.99,,,,,
10180002,2003.714947,31.666,64.168,4254,4182.6947,,2.2159,3.258,34.8873,261.87,-9.99,0.026,,,-9.99,,,,,
10180002,2003.714947,31.666,64.168,4256,4184.6423,,2.2157,3.258,34.8872,261.78,-9.99,0.024,,,-9.99,,,,,
10180002,2003.714947,31.666,64.168,4258,4186.59,,2.2156,3.2581,34.8872,261.76,-9.99,0.02,,,-9.99,,,,,
10180002,2003.714947,31.666,64.168,4260,4188.5376,,2.2157,3.2582,34.8871,261.73,-9.99,0.017,,,-9.99,,,,,
10180002,2003.714947,31.666,64.168,4262,4190.4852,,2.2159,3.2582,34.8871,261.69,-9.99,0.016,,,-9.99,,,,,
10180002,2003.714947,31.666,64.168,4264,4192.4328,,2.216,3.2583,34.8871,261.66,-9.99,0.016,,,-9.99,,,,,
10180002,2003.714947,31.666,64.168,4266,4194.3804,,2.2161,3.2584,34.8871,261.58,-9.99,0.019,,,-9.99,,,,,
10180002,2003.714947,31.666,64.168,4268,4196.3279,,2.2162,3.2585,34.8871,261.52,-9.99,0.021,,,-9.99,,,,,
10180002,2003.714947,31.666,64.168,4270,4198.2755,,2.2163,3.2585,34.8871,261.44,-9.99,0.021,,,-9.99,,,,,
10180002,2003.714947,31.666,64.168,4272,4200.223,,2.2164,3.2586,34.887,261.36,-9.99,0.021,,,-9.99,,,,,
10180002,2003.714947,31.666,64.168,4274,4202.1705,,2.2162,3.2587,34.8871,261.33,-9.99,0.022,,,-9.99,,,,,
10180002,2003.714947,31.666,64.168,4276,4204.118,,2.2163,3.2587,34.8868,261.4,-9.99,0.018,,,-9.99,,,,,
10180002,2003.714947,31.666,64.168,4278,4206.0655,,2.2161,3.2588,34.8868,261.46,-9.99,0.017,,,-9.99,,,,,
10180003,2003.716558,31.643,64.164,,,,6,,,,5.9583,26.138,5.6286,36.4721,212.84,-9.99,0.052,,,-9.99
10180003,2003.716558,31.643,64.164,,,,8,,,,7.9444,26.1363,5.6286,36.4725,212.81,-9.99,0.054,,,-9.99
10180003,2003.716558,31.643,64.164,,,10,,,,9.9304,26.1342,5.6285,36.473,212.83,-9.99,0.053,,,-9.99,
10180003,2003.716558,31.643,64.164,,,12,,,11.9164,26.13,5.6283,36.4744,212.89,-9.99,0.053,,,-9.99,,
10180003,2003.716558,31.643,64.164,,,14,,,13.9024,26.1228,5.6279,36.4763,212.99,-9.99,0.054,,,-9.99,,
10180003,2003.716558,31.643,64.164,,,16,,,15.8884,26.1054,5.6265,36.4789,212.89,-9.99,0.042,,,-9.99,,
10180003,2003.716558,31.643,64.164,,,18,,,17.8744,26.0861,5.6244,36.4785,212.92,-9.99,0.046,,,-9.99,,
10180003,2003.716558,31.643,64.164,,,20,,,19.8603,26.074,5.623,36.4775,213.15,-9.99,0.049,,,-9.99,,
10180003,2003.716558,31.643,64.164,,,22,,,21.8462,26.042,5.6197,36.4784,213.16,-9.99,0.046,,,-9.99,,
10180003,2003.716558,31.643,64.164,,,24,,,23.8321,25.9507,5.6112,36.4878,213.46,-9.99,0.051,,,-9.99,,
10180003,2003.716558,31.643,64.164,,,26,,,25.818,25.8962,5.6066,36.4971,213.56,-9.99,0.053,,,-9.99,,
10180003,2003.716558,31.643,64.164,,,28,,,27.8039,25.8607,5.6046,36.5098,213.6,-9.99,0.053,,,-9.99,,
10180003,2003.716558,31.643,64.164,,,30,,,29.7897,25.8463,5.6042,36.5182,214.01,-9.99,0.053,,,-9.99,,
10180003,2003.716558,31.643,64.164,,,32,,,31.7756,25.8075,5.6032,36.5414,214.33,-9.99,0.059,,,-9.99,,
10180003,2003.716558,31.643,64.164,,,34,,,33.7614,25.7823,5.602,36.5521,214.58,-9.99,0.06,,,-9.99,,
10180003,2003.716558,31.643,64.164,,,36,,,35.7472,25.7533,5.6004,36.5628,214.77,-9.99,0.059,,,-9.99,,
10180003,2003.716558,31.643,64.164,,,38,,,37.7329,25.7439,5.6,36.5665,214.68,-9.99,0.057,,,-9.99,,
10180003,2003.716558,31.643,64.164,,,40,,,39.7187,25.735,5.5991,36.5663,214.8,-9.99,0.058,,,-9.99,,
10180003,2003.716558,31.643,64.164,,,42,,,41.7044,25.6738,5.592,36.5625,215.15,-9.99,0.059,,,-9.99,,
10180003,2003.716558,31.643,64.164,,,44,,,43.6901,25.6076,5.5843,36.5583,215.48,-9.99,0.06,,,-9.99,,
10180003,2003.716558,31.643,64.164,,,46,,,45.6758,25.5212,5.5742,36.5524,215.76,-9.99,0.064,,,-9.99,,
10180003,2003.716558,31.643,64.164,,,48,,,47.6615,25.2148,5.538,36.5297,216.12,-9.99,0.071,,,-9.99,,
10180003,2003.716558,31.643,64.164,,,50,,,49.6471,24.9722,5.5093,36.5118,215.69,-9.99,0.075,,,-9.99,,
10180003,2003.716558,31.643,64.164,,,52,,,51.6328,24.6807,5.4761,36.4984,215.64,-9.99,0.074,,,-9.99,,
10180003,2003.716558,31.643,64.164,,,54,,,53.6184,24.4177,5.4471,36.4931,215.82,-9.99,0.073,,,-9.99,,
10180003,2003.716558,31.643,64.164,,,56,,,55.604,24.2014,5.4244,36.4977,216.05,-9.99,0.078,,,-9.99,,
10180003,2003.716558,31.643,64.164,,,58,,,57.5896,23.905,5.3952,36.518,217.48,-9.99,0.087,,,-9.99,,
10180003,2003.716558,31.643,64.164,,,60,,,59.5751,23.2621,5.3309,36.5548,219.08,-9.99,0.101,,,-9.99,,
10180003,2003.716558,31.643,64.164,,,62,,,61.5607,23.1296,5.3163,36.5514,219.17,-9.99,0.105,,,-9.99,,
10180003,2003.716558,31.643,64.164,,,64,,,63.5462,22.7275,5.2743,36.5592,219.6,-9.99,0.118,,,-9.99,,
10180003,2003.716558,31.643,64.164,,,66,,,65.5317,22.3455,5.2361,36.5797,219.51,-9.99,0.13,,,-9.99,,
10180003,2003.716558,31.643,64.164,,,68,,,67.5172,22.1032,5.2121,36.5939,220.48,-9.99,0.141,,,-9.99,,
10180003,2003.716558,31.643,64.164,,,70,,,69.5026,21.9027,5.1923,36.606,221.6,-9.99,0.146,,,-9.99,,
10180003,2003.716558,31.643,64.164,,,72,,,71.4881,21.6896,5.1716,36.622,223.01,-9.99,0.145,,,-9.99,,
10180003,2003.716558,31.643,64.164,,,74,,,73.4735,21.5757,5.1612,36.6347,222.73,-9.99,0.147,,,-9.99,,
10180003,2003.716558,31.643,64.164,,,76,,,75.4589,21.5321,5.1561,36.6306,222,-9.99,0.149,,,-9.99,,
10180003,2003.716558,31.643,64.164,,,78,,,77.4443,21.364,5.1366,36.6176,219.67,-9.99,0.161,,,-9.99,,
10180003,2003.716558,31.643,64.164,,,80,,,79.4296,21.0974,5.1079,36.6139,217.46,-9.99,0.191,,,-9.99,,
10180003,2003.716558,31.643,64.164,,,82,,,81.415,20.9505,5.0928,36.617,217.43,-9.99,0.214,,,-9.99,,
10180003,2003.716558,31.643,64.164,,,84,,,83.4003,20.7934,5.0765,36.6196,216.38,-9.99,0.244,,,-9.99,,
10180003,2003.716558,31.643,64.164,,,86,,,85.3856,20.7093,5.0682,36.6237,215.91,-9.99,0.28,,,-9.99,,
10180003,2003.716558,31.643,64.164,,,88,,,87.3709,20.6671,5.0639,36.6245,215.17,-9.99,0.282,,,-9.99,,
10180003,2003.716558,31.643,64.164,,,90,,,89.3562,20.5939,5.0563,36.6252,214.59,-9.99,0.275,,,-9.99,,
10180003,2003.716558,31.643,64.164,,,92,,,91.3414,20.5209,5.049,36.628,213.41,-9.99,0.27,,,-9.99,,
10180003,2003.716558,31.643,64.164,,,94,,,93.3267,20.4488,5.0413,36.6271,212.1,-9.99,0.265,,,-9.99,,
10180003,2003.716558,31.643,64.164,,,96,,,95.3119,20.3932,5.0355,36.6269,211.53,-9.99,0.246,,,-9.99,,
10180003,2003.716558,31.643,64.164,,,98,,,97.2971,20.2955,5.0265,36.637,209.97,-9.99,0.23,,,-9.99,,
10180003,2003.716558,31.643,64.164,,100,,,99.2822,20.2224,5.0184,36.6333,207.98,-9.99,0.203,,,-9.99,,,
10180003,2003.716558,31.643,64.164,,102,,101.2674,20.1451,5.0113,36.6419,205.89,-9.99,0.189,,,-9.99,,,,
10180003,2003.716558,31.643,64.164,,104,,103.2525,20.0734,5.0038,36.6414,205.83,-9.99,0.173,,,-9.99,,,,
10180003,2003.716558,31.643,64.164,,106,,105.2377,20.0358,4.9996,36.6389,205.91,-9.99,0.172,,,-9.99,,,,
10180003,2003.716558,31.643,64.164,,108,,107.2227,19.9953,4.9955,36.6401,205.87,-9.99,0.166,,,-9.99,,,,
10180003,2003.716558,31.643,64.164,,110,,109.2078,20.0143,4.9975,36.6389,205.74,-9.99,0.175,,,-9.99,,,,
10180003,2003.716558,31.643,64.164,,112,,111.1929,19.9426,4.99,36.6388,205.87,-9.99,0.172,,,-9.99,,,,
10180003,2003.716558,31.643,64.164,,114,,113.1779,19.9525,4.9911,36.6382,205.2,-9.99,0.172,,,-9.99,,,,
10180003,2003.716558,31.643,64.164,,116,,115.1629,19.9131,4.9867,36.6361,204.61,-9.99,0.171,,,-9.99,,,,
10180003,2003.716558,31.643,64.164,,118,,117.1479,19.8256,4.9777,36.6374,204.66,-9.99,0.154,,,-9.99,,,,
10180003,2003.716558,31.643,64.164,,120,,119.1329,19.7537,4.9702,36.6369,204.5,-9.99,0.142,,,-9.99,,,,
10180003,2003.716558,31.643,64.164,,122,,121.1179,19.6648,4.9606,36.6349,204.3,-9.99,0.132,,,-9.99,,,,
10180003,2003.716558,31.643,64.164,,124,,123.1028,19.6207,4.9561,36.6347,204.67,-9.99,0.129,,,-9.99,,,,
10180003,2003.716558,31.643,64.164,,126,,125.0877,19.5535,4.9488,36.6326,204.92,-9.99,0.108,,,-9.99,,,,
10180003,2003.716558,31.643,64.164,,128,,127.0727,19.4995,4.9431,36.6314,204.66,-9.99,0.106,,,-9.99,,,,
10180003,2003.716558,31.643,64.164,,130,,129.0575,19.4477,4.9375,36.6295,204.63,-9.99,0.103,,,-9.99,,,,
10180003,2003.716558,31.643,64.164,,132,,131.0424,19.3774,4.9297,36.6258,205.05,-9.99,0.086,,,-9.99,,,,
10180003,2003.716558,31.643,64.164,,134,,133.0272,19.3353,4.9252,36.6242,205.53,-9.99,0.076,,,-9.99,,,,
10180003,2003.716558,31.643,64.164,,136,,135.0121,19.2915,4.9205,36.6224,205.94,-9.99,0.068,,,-9.99,,,,
10180003,2003.716558,31.643,64.164,,138,,136.9969,19.2761,4.9189,36.6223,205.91,-9.99,0.067,,,-9.99,,,,
10180003,2003.716558,31.643,64.164,,140,,138.9817,19.2514,4.9165,36.6227,206.04,-9.99,0.063,,,-9.99,,,,
10180003,2003.716558,31.643,64.164,,142,,140.9664,19.233,4.9147,36.6232,206.08,-9.99,0.058,,,-9.99,,,,
10180003,2003.716558,31.643,64.164,,144,,142.9512,19.2117,4.9126,36.6235,206.05,-9.99,0.053,,,-9.99,,,,
10180003,2003.716558,31.643,64.164,,146,,144.9359,19.2086,4.9123,36.623,206.05,-9.99,0.054,,,-9.99,,,,
10180003,2003.716558,31.643,64.164,,148,,146.9206,19.1944,4.9107,36.6216,206.05,-9.99,0.051,,,-9.99,,,,
10180003,2003.716558,31.643,64.164,,150,,148.9053,19.1901,4.9103,36.6212,205.94,-9.99,0.048,,,-9.99,,,,
10180003,2003.716558,31.643,64.164,,152,,150.89,19.1292,4.903,36.6131,206.17,-9.99,0.045,,,-9.99,,,,
10180003,2003.716558,31.643,64.164,,154,,152.8747,19.123,4.9027,36.6154,206,-9.99,0.042,,,-9.99,,,,
10180003,2003.716558,31.643,64.164,,156,,154.8593,19.1061,4.901,36.615,206.06,-9.99,0.038,,,-9.99,,,,
10180003,2003.716558,31.643,64.164,,158,,156.8439,19.0948,4.8997,36.6134,206.17,-9.99,0.036,,,-9.99,,,,
10180003,2003.716558,31.643,64.164,,160,,158.8285,19.0823,4.8984,36.6126,206.09,-9.99,0.034,,,-9.99,,,,
10180003,2003.716558,31.643,64.164,,162,,160.8131,19.0802,4.8982,36.6126,206.2,-9.99,0.035,,,-9.99,,,,
10180003,2003.716558,31.643,64.164,,164,,162.7976,19.0704,4.8972,36.6117,206.21,-9.99,0.034,,,-9.99,,,,
10180003,2003.716558,31.643,64.164,,166,,164.7822,19.0476,4.8947,36.6101,206.25,-9.99,0.036,,,-9.99,,,,
10180003,2003.716558,31.643,64.164,,168,,166.7667,19.019,4.8917,36.6095,206.37,-9.99,0.036,,,-9.99,,,,
10180003,2003.716558,31.643,64.164,,170,,168.7512,18.9963,4.8891,36.6068,206.65,-9.99,0.037,,,-9.99,,,,
10180003,2003.716558,31.643,64.164,,172,,170.7357,18.9686,4.8861,36.6052,206.96,-9.99,0.031,,,-9.99,,,,
10180003,2003.716558,31.643,64.164,,174,,172.7201,18.9589,4.8851,36.6048,206.98,-9.99,0.03,,,-9.99,,,,
10180003,2003.716558,31.643,64.164,,176,,174.7046,18.9462,4.8838,36.6041,207.03,-9.99,0.031,,,-9.99,,,,
10180003,2003.716558,31.643,64.164,,178,,176.689,18.9378,4.8829,36.6035,207.07,-9.99,0.035,,,-9.99,,,,
10180003,2003.716558,31.643,64.164,,180,,178.6734,18.9239,4.8815,36.6031,207.37,-9.99,0.032,,,-9.99,,,,
10180003,2003.716558,31.643,64.164,,182,,180.6578,18.9109,4.8801,36.6021,207.54,-9.99,0.028,,,-9.99,,,,
10180003,2003.716558,31.643,64.164,,184,,182.6422,18.8993,4.8789,36.6013,207.71,-9.99,0.023,,,-9.99,,,,
10180003,2003.716558,31.643,64.164,,186,,184.6265,18.8889,4.8778,36.6002,207.85,-9.99,0.021,,,-9.99,,,,
10180003,2003.716558,31.643,64.164,,188,,186.6108,18.8719,4.876,36.5996,208.07,-9.99,0.03,,,-9.99,,,,
10180003,2003.716558,31.643,64.164,,190,,188.5952,18.8618,4.875,36.5996,208.23,-9.99,0.033,,,-9.99,,,,
10180003,2003.716558,31.643,64.164,,192,,190.5794,18.8511,4.874,36.5992,208.65,-9.99,0.025,,,-9.99,,,,
10180003,2003.716558,31.643,64.164,,194,,192.5637,18.8375,4.8726,36.5988,208.78,-9.99,0.023,,,-9.99,,,,
10180003,2003.716558,31.643,64.164,,196,,194.548,18.8317,4.872,36.5983,208.92,-9.99,0.025,,,-9.99,,,,
10180003,2003.716558,31.643,64.164,,198,,196.5322,18.8242,4.8712,36.5978,209.07,-9.99,0.027,,,-9.99,,,,
10180003,2003.716558,31.643,64.164,,200,,198.5164,18.816,4.8704,36.5973,209.17,-9.99,0.027,,,-9.99,,,,
10180003,2003.716558,31.643,64.164,,202,,200.5006,18.8073,4.8695,36.5969,209.22,-9.99,0.027,,,-9.99,,,,
10180003,2003.716558,31.643,64.164,,204,,202.4848,18.8044,4.8693,36.5969,209.12,-9.99,0.03,,,-9.99,,,,
10180003,2003.716558,31.643,64.164,,206,,204.4689,18.7964,4.8686,36.597,209.05,-9.99,0.029,,,-9.99,,,,
10180003,2003.716558,31.643,64.164,,208,,206.4531,18.7887,4.8678,36.5966,209.2,-9.99,0.031,,,-9.99,,,,
10180003,2003.716558,31.643,64.164,,210,,208.4372,18.7801,4.8669,36.5959,209.12,-9.99,0.029,,,-9.99,,,,
10180003,2003.716558,31.643,64.164,,212,,210.4213,18.7684,4.8658,36.5963,209.05,-9.99,0.029,,,-9.99,,,,
10180003,2003.716558,31.643,64.164,,214,,212.4054,18.7735,4.8665,36.5962,209.05,-9.99,0.025,,,-9.99,,,,
10180003,2003.716558,31.643,64.164,,216,,214.3894,18.75,4.864,36.5956,209.52,-9.99,0.024,,,-9.99,,,,
10180003,2003.716558,31.643,64.164,,218,,216.3735,18.7437,4.8634,36.5955,209.25,-9.99,0.024,,,-9.99,,,,
10180003,2003.716558,31.643,64.164,,220,,218.3575,18.7408,4.8633,36.5959,209.14,-9.99,0.021,,,-9.99,,,,
10180003,2003.716558,31.643,64.164,,222,,220.3415,18.7399,4.8632,36.5956,209.5,-9.99,0.022,,,-9.99,,,,
10180003,2003.716558,31.643,64.164,,224,,222.3255,18.7328,4.8624,36.5945,209.59,-9.99,0.022,,,-9.99,,,,
10180003,2003.716558,31.643,64.164,,226,,224.3094,18.7259,4.8619,36.595,209.44,-9.99,0.026,,,-9.99,,,,
10180003,2003.716558,31.643,64.164,,228,,226.2934,18.7228,4.8616,36.5944,209.51,-9.99,0.023,,,-9.99,,,,
10180003,2003.716558,31.643,64.164,,230,,228.2773,18.7149,4.8609,36.5946,209.42,-9.99,0.024,,,-9.99,,,,
10180003,2003.716558,31.643,64.164,,232,,230.2612,18.713,4.8608,36.5947,209.4,-9.99,0.027,,,-9.99,,,,
10180003,2003.716558,31.643,64.164,,234,,232.2451,18.7117,4.8607,36.5947,209.28,-9.99,0.023,,,-9.99,,,,
10180003,2003.716558,31.643,64.164,,236,,234.229,18.7107,4.8607,36.5945,209.33,-9.99,0.019,,,-9.99,,,,
10180003,2003.716558,31.643,64.164,,238,,236.2128,18.7043,4.86,36.5941,209.34,-9.99,0.023,,,-9.99,,,,
10180003,2003.716558,31.643,64.164,,240,,238.1967,18.7038,4.86,36.5932,208.99,-9.99,0.027,,,-9.99,,,,
10180003,2003.716558,31.643,64.164,,242,,240.1805,18.6862,4.8581,36.5919,208.59,-9.99,0.025,,,-9.99,,,,
10180003,2003.716558,31.643,64.164,,244,,242.1643,18.6763,4.8571,36.5915,208.32,-9.99,0.024,,,-9.99,,,,
10180003,2003.716558,31.643,64.164,,246,,244.148,18.6684,4.8563,36.591,207.97,-9.99,0.025,,,-9.99,,,,
10180003,2003.716558,31.643,64.164,,248,,246.1318,18.6604,4.8554,36.59,207.44,-9.99,0.025,,,-9.99,,,,
10180003,2003.716558,31.643,64.164,,250,,248.1155,18.6514,4.8545,36.5893,207.22,-9.99,0.025,,,-9.99,,,,
10180003,2003.716558,31.643,64.164,,252,,250.0992,18.6457,4.8539,36.5886,207.09,-9.99,0.025,,,-9.99,,,,
10180003,2003.716558,31.643,64.164,,254,,252.0829,18.6377,4.8531,36.588,206.92,-9.99,0.029,,,-9.99,,,,
10180003,2003.716558,31.643,64.164,,256,,254.0666,18.6332,4.8526,36.5875,206.72,-9.99,0.028,,,-9.99,,,,
10180003,2003.716558,31.643,64.164,,258,,256.0503,18.6291,4.8522,36.587,206.55,-9.99,0.027,,,-9.99,,,,
10180003,2003.716558,31.643,64.164,,260,,258.0339,18.6241,4.8517,36.5864,206.49,-9.99,0.022,,,-9.99,,,,
10180003,2003.716558,31.643,64.164,,262,,260.0175,18.615,4.8507,36.5855,206.44,-9.99,0.021,,,-9.99,,,,
10180003,2003.716558,31.643,64.164,,264,,262.0011,18.6014,4.8492,36.5838,206.5,-9.99,0.023,,,-9.99,,,,
10180003,2003.716558,31.643,64.164,,266,,263.9847,18.5911,4.8481,36.5826,206.52,-9.99,0.025,,,-9.99,,,,
10180003,2003.716558,31.643,64.164,,268,,265.9683,18.5761,4.8464,36.581,206.22,-9.99,0.027,,,-9.99,,,,
10180003,2003.716558,31.643,64.164,,270,,267.9518,18.5629,4.845,36.5799,205.83,-9.99,0.028,,,-9.99,,,,
10180003,2003.716558,31.643,64.164,,272,,269.9353,18.5537,4.8441,36.5793,204.94,-9.99,0.026,,,-9.99,,,,
10180003,2003.716558,31.643,64.164,,274,,271.9188,18.5477,4.8434,36.5785,204.78,-9.99,0.024,,,-9.99,,,,
10180003,2003.716558,31.643,64.164,,276,,273.9023,18.5367,4.8422,36.5772,204.67,-9.99,0.021,,,-9.99,,,,
10180003,2003.716558,31.643,64.164,,278,,275.8858,18.5233,4.8407,36.5759,204.93,-9.99,0.021,,,-9.99,,,,
10180003,2003.716558,31.643,64.164,,280,,277.8692,18.5177,4.8402,36.5754,205.67,-9.99,0.025,,,-9.99,,,,
10180003,2003.716558,31.643,64.164,,282,,279.8527,18.5152,4.84,36.5752,205.54,-9.99,0.026,,,-9.99,,,,
10180003,2003.716558,31.643,64.164,,284,,281.8361,18.514,4.8399,36.5748,205.76,-9.99,0.019,,,-9.99,,,,
10180003,2003.716558,31.643,64.164,,286,,283.8195,18.5021,4.8385,36.5729,205.98,-9.99,0.026,,,-9.99,,,,
10180003,2003.716558,31.643,64.164,,288,,285.8028,18.4887,4.8372,36.5725,205.94,-9.99,0.025,,,-9.99,,,,
10180003,2003.716558,31.643,64.164,,290,,287.7862,18.4829,4.8366,36.5717,205.83,-9.99,0.027,,,-9.99,,,,
10180003,2003.716558,31.643,64.164,,292,,289.7695,18.4772,4.836,36.5711,205.87,-9.99,0.021,,,-9.99,,,,
10180003,2003.716558,31.643,64.164,,294,,291.7528,18.4769,4.836,36.5711,205.63,-9.99,0.021,,,-9.99,,,,
10180003,2003.716558,31.643,64.164,,296,,293.7361,18.4763,4.8361,36.571,205.6,-9.99,0.018,,,-9.99,,,,
10180003,2003.716558,31.643,64.164,,298,,295.7194,18.4761,4.8361,36.5708,205.18,-9.99,0.024,,,-9.99,,,,
10180003,2003.716558,31.643,64.164,,300,,297.7027,18.4726,4.8357,36.5701,204.73,-9.99,0.026,,,-9.99,,,,
10180003,2003.716558,31.643,64.164,,302,,299.6859,18.4685,4.8353,36.5695,204.43,-9.99,0.026,,,-9.99,,,,
10180003,2003.716558,31.643,64.164,,304,,301.6691,18.4618,4.8346,36.5686,204.04,-9.99,0.024,,,-9.99,,,,
10180003,2003.716558,31.643,64.164,,306,,303.6523,18.4561,4.834,36.568,204.06,-9.99,0.024,,,-9.99,,,,
10180003,2003.716558,31.643,64.164,,308,,305.6355,18.4529,4.8337,36.5675,204.21,-9.99,0.025,,,-9.99,,,,
10180003,2003.716558,31.643,64.164,,310,,307.6186,18.4451,4.8328,36.5658,204.48,-9.99,0.025,,,-9.99,,,,
10180003,2003.716558,31.643,64.164,,312,,309.6018,18.4361,4.8317,36.5639,203.15,-9.99,0.024,,,-9.99,,,,
10180003,2003.716558,31.643,64.164,,314,,311.5849,18.3993,4.8276,36.5604,202.95,-9.99,0.026,,,-9.99,,,,
10180003,2003.716558,31.643,64.164,,316,,313.568,18.3946,4.8271,36.5599,202.44,-9.99,0.027,,,-9.99,,,,
10180003,2003.716558,31.643,64.164,,318,,315.5511,18.3826,4.8258,36.5585,201.98,-9.99,0.03,,,-9.99,,,,
10180003,2003.716558,31.643,64.164,,320,,317.5342,18.3674,4.824,36.5559,202.05,-9.99,0.026,,,-9.99,,,,
10180003,2003.716558,31.643,64.164,,322,,319.5172,18.3527,4.8224,36.5547,202.11,-9.99,0.015,,,-9.99,,,,
10180003,2003.716558,31.643,64.164,,324,,321.5002,18.3499,4.8221,36.5542,202.36,-9.99,0.023,,,-9.99,,,,
10180003,2003.716558,31.643,64.164,,326,,323.4832,18.342,4.8213,36.5531,202.32,-9.99,0.026,,,-9.99,,,,
10180003,2003.716558,31.643,64.164,,328,,325.4662,18.3288,4.8198,36.5518,202.17,-9.99,0.026,,,-9.99,,,,
10180003,2003.716558,31.643,64.164,,330,,327.4492,18.3271,4.8196,36.551,202.08,-9.99,0.022,,,-9.99,,,,
10180003,2003.716558,31.643,64.164,,332,,329.4321,18.3116,4.818,36.5502,202.13,-9.99,0.017,,,-9.99,,,,
10180003,2003.716558,31.643,64.164,,334,,331.4151,18.3159,4.8186,36.5504,201.71,-9.99,0.023,,,-9.99,,,,
10180003,2003.716558,31.643,64.164,,336,,333.398,18.2939,4.8161,36.5481,201.8,-9.99,0.024,,,-9.99,,,,
10180003,2003.716558,31.643,64.164,,338,,335.3809,18.2851,4.8152,36.5472,201.41,-9.99,0.022,,,-9.99,,,,
10180003,2003.716558,31.643,64.164,,340,,337.3638,18.2783,4.8145,36.5464,201.14,-9.99,0.023,,,-9.99,,,,
10180003,2003.716558,31.643,64.164,,342,,339.3466,18.271,4.8137,36.5456,200.94,-9.99,0.027,,,-9.99,,,,
10180003,2003.716558,31.643,64.164,,344,,341.3295,18.2641,4.813,36.5447,200.5,-9.99,0.027,,,-9.99,,,,
10180003,2003.716558,31.643,64.164,,346,,343.3123,18.2538,4.8118,36.5435,200.25,-9.99,0.026,,,-9.99,,,,
10180003,2003.716558,31.643,64.164,,348,,345.2951,18.2416,4.8105,36.5421,199.75,-9.99,0.025,,,-9.99,,,,
10180003,2003.716558,31.643,64.164,,350,,347.2778,18.2297,4.8092,36.5407,199.12,-9.99,0.024,,,-9.99,,,,
10180003,2003.716558,31.643,64.164,,352,,349.2606,18.2184,4.8079,36.5393,198.75,-9.99,0.024,,,-9.99,,,,
10180003,2003.716558,31.643,64.164,,354,,351.2433,18.2092,4.8069,36.5382,198.88,-9.99,0.023,,,-9.99,,,,
10180003,2003.716558,31.643,64.164,,356,,353.2261,18.2062,4.8066,36.5373,198.75,-9.99,0.024,,,-9.99,,,,
10180003,2003.716558,31.643,64.164,,358,,355.2088,18.1891,4.8046,36.5352,198.59,-9.99,0.03,,,-9.99,,,,
10180003,2003.716558,31.643,64.164,,360,,357.1915,18.1841,4.8041,36.5341,198.07,-9.99,0.026,,,-9.99,,,,
10180003,2003.716558,31.643,64.164,,362,,359.1741,18.1422,4.7993,36.5295,197.46,-9.99,0.03,,,-9.99,,,,
10180003,2003.716558,31.643,64.164,,364,,361.1568,18.1291,4.7978,36.5278,197.26,-9.99,0.019,,,-9.99,,,,
10180003,2003.716558,31.643,64.164,,366,,363.1394,18.1052,4.7949,36.5239,196.72,-9.99,0.02,,,-9.99,,,,
10180003,2003.716558,31.643,64.164,,368,,365.122,18.0838,4.7925,36.5211,196.68,-9.99,0.024,,,-9.99,,,,
10180003,2003.716558,31.643,64.164,,370,,367.1046,18.0579,4.7894,36.5171,195.77,-9.99,0.023,,,-9.99,,,,
10180003,2003.716558,31.643,64.164,,372,,369.0871,18.0387,4.7872,36.5146,195.49,-9.99,0.023,,,-9.99,,,,
10180003,2003.716558,31.643,64.164,,374,,371.0697,18.0208,4.7852,36.5126,195.5,-9.99,0.025,,,-9.99,,,,
10180003,2003.716558,31.643,64.164,,376,,373.0522,18.0128,4.7843,36.5117,195.52,-9.99,0.027,,,-9.99,,,,
10180003,2003.716558,31.643,64.164,,378,,375.0347,17.9981,4.7827,36.5098,195.63,-9.99,0.027,,,-9.99,,,,
10180003,2003.716558,31.643,64.164,,380,,377.0172,17.996,4.7825,36.509,195.46,-9.99,0.028,,,-9.99,,,,
10180003,2003.716558,31.643,64.164,,382,,378.9997,17.9845,4.7812,36.5074,195.31,-9.99,0.027,,,-9.99,,,,
10180003,2003.716558,31.643,64.164,,384,,380.9822,17.9746,4.78,36.5059,195.07,-9.99,0.024,,,-9.99,,,,
10180003,2003.716558,31.643,64.164,,386,,382.9646,17.9599,4.7783,36.5036,194.53,-9.99,0.023,,,-9.99,,,,
10180003,2003.716558,31.643,64.164,,388,,384.947,17.9365,4.7757,36.5009,193.59,-9.99,0.023,,,-9.99,,,,
10180003,2003.716558,31.643,64.164,,390,,386.9294,17.9137,4.773,36.4975,193.47,-9.99,0.017,,,-9.99,,,,
10180003,2003.716558,31.643,64.164,,392,,388.9118,17.8953,4.7707,36.4937,192.92,-9.99,0.019,,,-9.99,,,,
10180003,2003.716558,31.643,64.164,,394,,390.8941,17.867,4.7674,36.4895,192.71,-9.99,0.02,,,-9.99,,,,
10180003,2003.716558,31.643,64.164,,396,,392.8765,17.8682,4.7679,36.4924,194.26,-9.99,0.026,,,-9.99,,,,
10180003,2003.716558,31.643,64.164,,398,,394.8588,17.8596,4.7671,36.4923,195.09,-9.99,0.028,,,-9.99,,,,
10180003,2003.716558,31.643,64.164,,400,,396.8411,17.8467,4.7656,36.4899,195.19,-9.99,0.024,,,-9.99,,,,
10180003,2003.716558,31.643,64.164,,402,,398.8234,17.8224,4.7626,36.4854,195.06,-9.99,0.022,,,-9.99,,,,
10180003,2003.716558,31.643,64.164,,404,,400.8057,17.8063,4.761,36.4848,194.91,-9.99,0.016,,,-9.99,,,,
10180003,2003.716558,31.643,64.164,,406,,402.7879,17.7781,4.7575,36.4791,194.74,-9.99,0.016,,,-9.99,,,,
10180003,2003.716558,31.643,64.164,,408,,404.7701,17.7553,4.7547,36.475,194.8,-9.99,0.022,,,-9.99,,,,
10180003,2003.716558,31.643,64.164,,410,,406.7523,17.7217,4.7508,36.4703,194.83,-9.99,0.028,,,-9.99,,,,
10180003,2003.716558,31.643,64.164,,412,,408.7345,17.693,4.7476,36.4677,194.75,-9.99,0.023,,,-9.99,,,,
10180003,2003.716558,31.643,64.164,,414,,410.7167,17.6705,4.745,36.4644,194.51,-9.99,0.022,,,-9.99,,,,
10180003,2003.716558,31.643,64.164,,416,,412.6988,17.6584,4.7437,36.4631,194.22,-9.99,0.021,,,-9.99,,,,
10180003,2003.716558,31.643,64.164,,418,,414.681,17.626,4.7397,36.4574,194.08,-9.99,0.026,,,-9.99,,,,
10180003,2003.716558,31.643,64.164,,420,,416.6631,17.6112,4.7382,36.4563,193.9,-9.99,0.023,,,-9.99,,,,
10180003,2003.716558,31.643,64.164,,422,,418.6452,17.5997,4.7367,36.4533,193.75,-9.99,0.021,,,-9.99,,,,
10180003,2003.716558,31.643,64.164,,424,,420.6272,17.5705,4.7332,36.4482,193.78,-9.99,0.023,,,-9.99,,,,
10180003,2003.716558,31.643,64.164,,426,,422.6093,17.539,4.7295,36.4435,193.9,-9.99,0.016,,,-9.99,,,,
10180003,2003.716558,31.643,64.164,,428,,424.5913,17.5323,4.7289,36.4434,194.13,-9.99,0.015,,,-9.99,,,,
10180003,2003.716558,31.643,64.164,,430,,426.5733,17.5035,4.7254,36.4387,194.41,-9.99,0.026,,,-9.99,,,,
10180003,2003.716558,31.643,64.164,,432,,428.5553,17.4765,4.7223,36.4349,194.42,-9.99,0.023,,,-9.99,,,,
10180003,2003.716558,31.643,64.164,,434,,430.5373,17.4529,4.7196,36.4318,194.43,-9.99,0.026,,,-9.99,,,,
10180003,2003.716558,31.643,64.164,,436,,432.5193,17.4428,4.7184,36.4302,194.6,-9.99,0.028,,,-9.99,,,,
10180003,2003.716558,31.643,64.164,,438,,434.5012,17.4261,4.7164,36.4269,194.68,-9.99,0.029,,,-9.99,,,,
10180003,2003.716558,31.643,64.164,,440,,436.4831,17.3999,4.7133,36.4227,194.52,-9.99,0.017,,,-9.99,,,,
10180003,2003.716558,31.643,64.164,,442,,438.465,17.3817,4.7113,36.4205,194.28,-9.99,0.015,,,-9.99,,,,
10180003,2003.716558,31.643,64.164,,444,,440.4469,17.3665,4.7095,36.4182,194.11,-9.99,0.016,,,-9.99,,,,
10180003,2003.716558,31.643,64.164,,446,,442.4288,17.3533,4.708,36.4163,193.92,-9.99,0.02,,,-9.99,,,,
10180003,2003.716558,31.643,64.164,,448,,444.4106,17.3428,4.7067,36.4139,193.63,-9.99,0.026,,,-9.99,,,,
10180003,2003.716558,31.643,64.164,,450,,446.3925,17.3215,4.7043,36.4109,193.34,-9.99,0.024,,,-9.99,,,,
10180003,2003.716558,31.643,64.164,,452,,448.3743,17.3117,4.7032,36.4099,193.1,-9.99,0.025,,,-9.99,,,,
10180003,2003.716558,31.643,64.164,,454,,450.3561,17.3039,4.7022,36.4074,192.67,-9.99,0.019,,,-9.99,,,,
10180003,2003.716558,31.643,64.164,,456,,452.3378,17.2603,4.697,36.4002,192.22,-9.99,0.014,,,-9.99,,,,
10180003,2003.716558,31.643,64.164,,458,,454.3196,17.2279,4.6934,36.3972,192.05,-9.99,0.017,,,-9.99,,,,
10180003,2003.716558,31.643,64.164,,460,,456.3013,17.2215,4.6926,36.3949,191.98,-9.99,0.015,,,-9.99,,,,
10180003,2003.716558,31.643,64.164,,462,,458.283,17.2008,4.6902,36.3922,191.72,-9.99,0.019,,,-9.99,,,,
10180003,2003.716558,31.643,64.164,,464,,460.2647,17.1903,4.689,36.3904,191.56,-9.99,0.021,,,-9.99,,,,
10180003,2003.716558,31.643,64.164,,466,,462.2464,17.1772,4.6875,36.3882,191.31,-9.99,0.022,,,-9.99,,,,
10180003,2003.716558,31.643,64.164,,468,,464.228,17.1631,4.6858,36.3858,190.94,-9.99,0.028,,,-9.99,,,,
10180003,2003.716558,31.643,64.164,,470,,466.2097,17.15,4.6843,36.3832,190.79,-9.99,0.029,,,-9.99,,,,
10180003,2003.716558,31.643,64.164,,472,,468.1913,17.1279,4.6816,36.3787,190.71,-9.99,0.021,,,-9.99,,,,
10180003,2003.716558,31.643,64.164,,474,,470.1729,17.0986,4.6782,36.375,190.6,-9.99,0.025,,,-9.99,,,,
10180003,2003.716558,31.643,64.164,,476,,472.1545,17.0927,4.6775,36.3729,190.18,-9.99,0.016,,,-9.99,,,,
10180003,2003.716558,31.643,64.164,,478,,474.136,17.0531,4.6727,36.3666,189.81,-9.99,0.017,,,-9.99,,,,
10180003,2003.716558,31.643,64.164,,480,,476.1176,17.0268,4.6696,36.3621,189.7,-9.99,0.017,,,-9.99,,,,
10180003,2003.716558,31.643,64.164,,482,,478.0991,17.0011,4.6666,36.358,189.78,-9.99,0.029,,,-9.99,,,,
10180003,2003.716558,31.643,64.164,,484,,480.0806,16.9787,4.6638,36.3535,189.71,-9.99,0.028,,,-9.99,,,,
10180003,2003.716558,31.643,64.164,,486,,482.0621,16.9605,4.6618,36.3509,189.49,-9.99,0.022,,,-9.99,,,,
10180003,2003.716558,31.643,64.164,,488,,484.0435,16.9384,4.659,36.346,189.31,-9.99,0.017,,,-9.99,,,,
10180003,2003.716558,31.643,64.164,,490,,486.025,16.9039,4.6549,36.3405,189.34,-9.99,0.015,,,-9.99,,,,
10180003,2003.716558,31.643,64.164,,492,,488.0064,16.8842,4.6527,36.3377,189.33,-9.99,0.013,,,-9.99,,,,
10180003,2003.716558,31.643,64.164,,494,,489.9878,16.8776,4.652,36.3369,189.23,-9.99,0.019,,,-9.99,,,,
10180003,2003.716558,31.643,64.164,,496,,491.9692,16.8738,4.6516,36.3364,189.28,-9.99,0.023,,,-9.99,,,,
10180003,2003.716558,31.643,64.164,,498,,493.9506,16.8689,4.6511,36.3355,189.31,-9.99,0.019,,,-9.99,,,,
10180003,2003.716558,31.643,64.164,,500,,495.9319,16.8609,4.6501,36.3329,189.18,-9.99,0.022,,,-9.99,,,,
10180003,2003.716558,31.643,64.164,,502,,497.9133,16.8305,4.6463,36.3265,189.06,-9.99,0.023,,,-9.99,,,,
10180003,2003.716558,31.643,64.164,,504,,499.8946,16.7932,4.6421,36.3219,189.12,-9.99,0.023,,,-9.99,,,,
10180003,2003.716558,31.643,64.164,,506,,501.8759,16.776,4.6401,36.3195,189.34,-9.99,0.022,,,-9.99,,,,
10180004,2003.716619,31.64,64.169,,,,5,,,,4.9653,26.1401,5.6294,36.4762,212.83,-9.99,0.014,,,-9.99
10180004,2003.716619,31.64,64.169,,,,7,,,,6.9513,26.1363,5.6291,36.4766,212.87,-9.99,0.013,,,-9.99
10180004,2003.716619,31.64,64.169,,,,9,,,,8.9374,26.1352,5.6291,36.4769,212.92,-9.99,0.008,,,-9.99
10180004,2003.716619,31.64,64.169,,,11,,,10.9234,26.1334,5.629,36.477,212.93,-9.99,0.023,,,-9.99,,
10180004,2003.716619,31.64,64.169,,,13,,,12.9094,26.1244,5.6282,36.4772,213.07,-9.99,0.021,,,-9.99,,
10180004,2003.716619,31.64,64.169,,,15,,,14.8954,26.1141,5.6272,36.4781,213.14,-9.99,0.017,,,-9.99,,
10180004,2003.716619,31.64,64.169,,,17,,,16.8814,26.1151,5.6274,36.4776,213.21,-9.99,0.019,,,-9.99,,
10180004,2003.716619,31.64,64.169,,,19,,,18.8673,26.1169,5.6276,36.4773,213.14,-9.99,0.018,,,-9.99,,
10180004,2003.716619,31.64,64.169,,,21,,,20.8533,26.1072,5.6266,36.4768,213.09,-9.99,0.017,,,-9.99,,
10180004,2003.716619,31.64,64.169,,,23,,,22.8392,26.1102,5.6271,36.4774,213.11,-9.99,0.019,,,-9.99,,
10180004,2003.716619,31.64,64.169,,,25,,,24.8251,26.0354,5.6193,36.4796,213.41,-9.99,0.016,,,-9.99,,
10180004,2003.716619,31.64,64.169,,,27,,,26.811,25.8598,5.6043,36.5087,213.93,-9.99,0.022,,,-9.99,,
10180004,2003.716619,31.64,64.169,,,29,,,28.7968,25.8141,5.6028,36.5336,214.37,-9.99,0.018,,,-9.99,,
10180004,2003.716619,31.64,64.169,,,31,,,30.7827,25.7829,5.6013,36.5468,214.66,-9.99,0.021,,,-9.99,,
10180004,2003.716619,31.64,64.169,,,33,,,32.7685,25.7613,5.6,36.5544,214.78,-9.99,0.027,,,-9.99,,
10180004,2003.716619,31.64,64.169,,,35,,,34.7543,25.7493,5.5994,36.5591,214.83,-9.99,0.029,,,-9.99,,
10180004,2003.716619,31.64,64.169,,,37,,,36.7401,25.7375,5.5987,36.5624,214.94,-9.99,0.029,,,-9.99,,
10180004,2003.716619,31.64,64.169,,,39,,,38.7258,25.7288,5.5982,36.5647,215.23,-9.99,0.029,,,-9.99,,
10180004,2003.716619,31.64,64.169,,,41,,,40.7116,25.7155,5.5966,36.5635,215.55,-9.99,0.028,,,-9.99,,
10180004,2003.716619,31.64,64.169,,,43,,,42.6973,25.5451,5.5765,36.5512,215.86,-9.99,0.033,,,-9.99,,
10180004,2003.716619,31.64,64.169,,,45,,,44.683,25.4111,5.5608,36.5423,216.09,-9.99,0.036,,,-9.99,,
10180004,2003.716619,31.64,64.169,,,47,,,46.6687,25.2165,5.5378,36.5273,215.91,-9.99,0.041,,,-9.99,,
10180004,2003.716619,31.64,64.169,,,49,,,48.6543,25.0073,5.5132,36.5124,215.43,-9.99,0.045,,,-9.99,,
10180004,2003.716619,31.64,64.169,,,51,,,50.64,24.6706,5.4746,36.496,215.09,-9.99,0.051,,,-9.99,,
10180004,2003.716619,31.64,64.169,,,53,,,52.6256,24.3683,5.4429,36.5025,216.54,-9.99,0.056,,,-9.99,,
10180004,2003.716619,31.64,64.169,,,55,,,54.6112,24.2174,5.4275,36.5087,217.48,-9.99,0.058,,,-9.99,,
10180004,2003.716619,31.64,64.169,,,57,,,56.5968,23.8225,5.3867,36.521,218.35,-9.99,0.066,,,-9.99,,
10180004,2003.716619,31.64,64.169,,,59,,,58.5824,23.3713,5.3413,36.5446,219.64,-9.99,0.079,,,-9.99,,
10180004,2003.716619,31.64,64.169,,,61,,,60.5679,22.9824,5.302,36.5627,219.63,-9.99,0.093,,,-9.99,,
10180004,2003.716619,31.64,64.169,,,63,,,62.5534,22.6839,5.2717,36.5759,220.55,-9.99,0.098,,,-9.99,,
10180004,2003.716619,31.64,64.169,,,65,,,64.539,22.3998,5.2428,36.5867,221.31,-9.99,0.103,,,-9.99,,
10180004,2003.716619,31.64,64.169,,,67,,,66.5244,22.1108,5.2133,36.5976,221.57,-9.99,0.105,,,-9.99,,
10180004,2003.716619,31.64,64.169,,,69,,,68.5099,21.9487,5.198,36.6128,222.1,-9.99,0.112,,,-9.99,,
10180004,2003.716619,31.64,64.169,,,71,,,70.4954,21.776,5.1817,36.6294,223.09,-9.99,0.119,,,-9.99,,
10180004,2003.716619,31.64,64.169,,,73,,,72.4808,21.6795,5.1723,36.6359,223.58,-9.99,0.116,,,-9.99,,
10180004,2003.716619,31.64,64.169,,,75,,,74.4662,21.6403,5.1688,36.6407,223.15,-9.99,0.117,,,-9.99,,
10180004,2003.716619,31.64,64.169,,,77,,,76.4516,21.5004,5.1521,36.6256,221.58,-9.99,0.122,,,-9.99,,
10180004,2003.716619,31.64,64.169,,,79,,,78.437,21.2883,5.1278,36.6109,220.86,-9.99,0.136,,,-9.99,,
10180004,2003.716619,31.64,64.169,,,81,,,80.4223,20.9999,5.0978,36.616,218.49,-9.99,0.156,,,-9.99,,
10180004,2003.716619,31.64,64.169,,,83,,,82.4077,20.8146,5.0788,36.6208,216.42,-9.99,0.198,,,-9.99,,
10180004,2003.716619,31.64,64.169,,,85,,,84.393,20.7456,5.0717,36.6219,215.81,-9.99,0.225,,,-9.99,,
10180004,2003.716619,31.64,64.169,,,87,,,86.3783,20.65,5.0617,36.6217,214.72,-9.99,0.243,,,-9.99,,
10180004,2003.716619,31.64,64.169,,,89,,,88.3636,20.547,5.0514,36.6266,214.45,-9.99,0.239,,,-9.99,,
10180004,2003.716619,31.64,64.169,,,91,,,90.3488,20.4701,5.0436,36.6284,213.49,-9.99,0.226,,,-9.99,,
10180004,2003.716619,31.64,64.169,,,93,,,92.3341,20.387,5.0348,36.6274,212.21,-9.99,0.209,,,-9.99,,
10180004,2003.716619,31.64,64.169,,,95,,,94.3193,20.3551,5.0318,36.6305,211.25,-9.99,0.203,,,-9.99,,
10180004,2003.716619,31.64,64.169,,,97,,,96.3045,20.2656,5.0229,36.6344,207.27,-9.99,0.188,,,-9.99,,
10180004,2003.716619,31.64,64.169,,,99,,,98.2897,20.1518,5.012,36.6425,205.92,-9.99,0.187,,,-9.99,,
10180004,2003.716619,31.64,64.169,,101,,100.2748,20.0783,5.0045,36.6439,205.66,-9.99,0.176,,,-9.99,,,,
10180004,2003.716619,31.64,64.169,,103,,102.26,20.005,4.9966,36.6425,205.69,-9.99,0.157,,,-9.99,,,,
10180004,2003.716619,31.64,64.169,,105,,104.2451,19.9899,4.995,36.6415,205.61,-9.99,0.151,,,-9.99,,,,
10180004,2003.716619,31.64,64.169,,107,,106.2302,19.9659,4.9925,36.6408,205.33,-9.99,0.141,,,-9.99,,,,
10180004,2003.716619,31.64,64.169,,109,,108.2153,19.9431,4.9902,36.6409,205.21,-9.99,0.144,,,-9.99,,,,
10180004,2003.716619,31.64,64.169,,111,,110.2004,19.8966,4.9853,36.6408,204.84,-9.99,0.14,,,-9.99,,,,
10180004,2003.716619,31.64,64.169,,113,,112.1854,19.8396,4.9794,36.6408,204.48,-9.99,0.135,,,-9.99,,,,
10180004,2003.716619,31.64,64.169,,115,,114.1705,19.7623,4.9712,36.6399,204.22,-9.99,0.127,,,-9.99,,,,
10180004,2003.716619,31.64,64.169,,117,,116.1555,19.7113,4.9656,36.6369,204.24,-9.99,0.111,,,-9.99,,,,
10180004,2003.716619,31.64,64.169,,119,,118.1405,19.6339,4.9573,36.6357,204.4,-9.99,0.094,,,-9.99,,,,
10180004,2003.716619,31.64,64.169,,121,,120.1254,19.5506,4.9486,36.6351,204.59,-9.99,0.081,,,-9.99,,,,
10180004,2003.716619,31.64,64.169,,123,,122.1104,19.5001,4.9432,36.634,204.74,-9.99,0.074,,,-9.99,,,,
10180004,2003.716619,31.64,64.169,,125,,124.0953,19.428,4.9354,36.631,205.09,-9.99,0.068,,,-9.99,,,,
10180004,2003.716619,31.64,64.169,,127,,126.0802,19.3842,4.9306,36.6287,205.38,-9.99,0.064,,,-9.99,,,,
10180004,2003.716619,31.64,64.169,,129,,128.0651,19.3421,4.926,36.6266,205.63,-9.99,0.06,,,-9.99,,,,
10180004,2003.716619,31.64,64.169,,131,,130.05,19.268,4.9178,36.6231,206.15,-9.99,0.049,,,-9.99,,,,
10180004,2003.716619,31.64,64.169,,133,,132.0349,19.2551,4.9166,36.6235,206.07,-9.99,0.047,,,-9.99,,,,
10180004,2003.716619,31.64,64.169,,135,,134.0197,19.2253,4.9136,36.6234,206.11,-9.99,0.04,,,-9.99,,,,
10180004,2003.716619,31.64,64.169,,137,,136.0045,19.2122,4.9124,36.6241,205.92,-9.99,0.039,,,-9.99,,,,
10180004,2003.716619,31.64,64.169,,139,,137.9893,19.2019,4.9114,36.6241,205.83,-9.99,0.041,,,-9.99,,,,
10180004,2003.716619,31.64,64.169,,141,,139.9741,19.1835,4.9094,36.6232,205.75,-9.99,0.043,,,-9.99,,,,
10180004,2003.716619,31.64,64.169,,143,,141.9589,19.1533,4.9059,36.6199,205.92,-9.99,0.046,,,-9.99,,,,
10180004,2003.716619,31.64,64.169,,145,,143.9436,19.1338,4.9037,36.6176,206.12,-9.99,0.047,,,-9.99,,,,
10180004,2003.716619,31.64,64.169,,147,,145.9283,19.118,4.902,36.6167,206.04,-9.99,0.042,,,-9.99,,,,
10180004,2003.716619,31.64,64.169,,149,,147.913,19.1035,4.9005,36.6162,205.94,-9.99,0.034,,,-9.99,,,,
10180004,2003.716619,31.64,64.169,,151,,149.8977,19.097,4.8999,36.6157,206.02,-9.99,0.03,,,-9.99,,,,
10180004,2003.716619,31.64,64.169,,153,,151.8824,19.0812,4.8982,36.6144,206.04,-9.99,0.034,,,-9.99,,,,
10180004,2003.716619,31.64,64.169,,155,,153.867,19.0714,4.8971,36.6132,206.22,-9.99,0.036,,,-9.99,,,,
10180004,2003.716619,31.64,64.169,,157,,155.8516,19.0593,4.8958,36.6122,206.28,-9.99,0.033,,,-9.99,,,,
10180004,2003.716619,31.64,64.169,,159,,157.8362,19.0445,4.8942,36.6112,206.11,-9.99,0.03,,,-9.99,,,,
10180004,2003.716619,31.64,64.169,,161,,159.8208,19.0253,4.8921,36.6101,206.31,-9.99,0.038,,,-9.99,,,,
10180004,2003.716619,31.64,64.169,,163,,161.8054,19.0057,4.89,36.6088,206.47,-9.99,0.034,,,-9.99,,,,
10180004,2003.716619,31.64,64.169,,165,,163.79,18.9874,4.888,36.6072,206.61,-9.99,0.034,,,-9.99,,,,
10180004,2003.716619,31.64,64.169,,167,,165.7745,18.9707,4.8862,36.6064,206.8,-9.99,0.041,,,-9.99,,,,
10180004,2003.716619,31.64,64.169,,169,,167.759,18.9679,4.886,36.6062,206.69,-9.99,0.037,,,-9.99,,,,
10180004,2003.716619,31.64,64.169,,171,,169.7435,18.9521,4.8842,36.6043,207,-9.99,0.028,,,-9.99,,,,
10180004,2003.716619,31.64,64.169,,173,,171.728,18.9383,4.8828,36.6038,207.16,-9.99,0.022,,,-9.99,,,,
10180004,2003.716619,31.64,64.169,,175,,173.7124,18.9322,4.8822,36.6037,207.17,-9.99,0.021,,,-9.99,,,,
10180004,2003.716619,31.64,64.169,,177,,175.6968,18.923,4.8813,36.603,207.38,-9.99,0.025,,,-9.99,,,,
10180004,2003.716619,31.64,64.169,,179,,177.6813,18.9016,4.879,36.6016,207.56,-9.99,0.025,,,-9.99,,,,
10180004,2003.716619,31.64,64.169,,181,,179.6657,18.8811,4.8768,36.6005,207.71,-9.99,0.025,,,-9.99,,,,
10180004,2003.716619,31.64,64.169,,183,,181.65,18.8771,4.8764,36.6004,207.77,-9.99,0.023,,,-9.99,,,,
10180004,2003.716619,31.64,64.169,,185,,183.6344,18.8625,4.8749,36.5994,207.91,-9.99,0.021,,,-9.99,,,,
10180004,2003.716619,31.64,64.169,,187,,185.6187,18.8508,4.8737,36.5991,208.1,-9.99,0.028,,,-9.99,,,,
10180004,2003.716619,31.64,64.169,,189,,187.6031,18.8414,4.8728,36.599,208.49,-9.99,0.024,,,-9.99,,,,
10180004,2003.716619,31.64,64.169,,191,,189.5874,18.8378,4.8725,36.599,208.75,-9.99,0.022,,,-9.99,,,,
10180004,2003.716619,31.64,64.169,,193,,191.5716,18.832,4.8719,36.5986,209.03,-9.99,0.024,,,-9.99,,,,
10180004,2003.716619,31.64,64.169,,195,,193.5559,18.8238,4.8711,36.5981,209.24,-9.99,0.027,,,-9.99,,,,
10180004,2003.716619,31.64,64.169,,197,,195.5401,18.8105,4.8697,36.597,209.19,-9.99,0.029,,,-9.99,,,,
10180004,2003.716619,31.64,64.169,,199,,197.5244,18.8008,4.8687,36.5967,209.13,-9.99,0.027,,,-9.99,,,,
10180004,2003.716619,31.64,64.169,,201,,199.5086,18.8004,4.8689,36.5976,209.08,-9.99,0.021,,,-9.99,,,,
10180004,2003.716619,31.64,64.169,,203,,201.4927,18.7951,4.8684,36.5973,208.94,-9.99,0.022,,,-9.99,,,,
10180004,2003.716619,31.64,64.169,,205,,203.4769,18.7878,4.8676,36.5969,208.78,-9.99,0.023,,,-9.99,,,,
10180004,2003.716619,31.64,64.169,,207,,205.4611,18.7794,4.8668,36.5967,208.82,-9.99,0.027,,,-9.99,,,,
10180004,2003.716619,31.64,64.169,,209,,207.4452,18.77,4.8659,36.5964,208.97,-9.99,0.032,,,-9.99,,,,
10180004,2003.716619,31.64,64.169,,211,,209.4293,18.7629,4.8652,36.5963,209.16,-9.99,0.029,,,-9.99,,,,
10180004,2003.716619,31.64,64.169,,213,,211.4134,18.7553,4.8645,36.5961,209.17,-9.99,0.029,,,-9.99,,,,
10180004,2003.716619,31.64,64.169,,215,,213.3975,18.7474,4.8637,36.596,209.16,-9.99,0.03,,,-9.99,,,,
10180004,2003.716619,31.64,64.169,,217,,215.3815,18.7414,4.8632,36.5958,209.32,-9.99,0.03,,,-9.99,,,,
10180004,2003.716619,31.64,64.169,,219,,217.3655,18.7379,4.8629,36.5959,209.36,-9.99,0.023,,,-9.99,,,,
10180004,2003.716619,31.64,64.169,,221,,219.3495,18.7355,4.8627,36.5958,209.35,-9.99,0.035,,,-9.99,,,,
10180004,2003.716619,31.64,64.169,,223,,221.3335,18.7237,4.8615,36.5947,209.41,-9.99,0.025,,,-9.99,,,,
10180004,2003.716619,31.64,64.169,,225,,223.3175,18.7162,4.8608,36.5946,209.47,-9.99,0.03,,,-9.99,,,,
10180004,2003.716619,31.64,64.169,,227,,225.3015,18.7131,4.8605,36.5945,209.23,-9.99,0.019,,,-9.99,,,,
10180004,2003.716619,31.64,64.169,,229,,227.2854,18.7071,4.8599,36.5942,209.26,-9.99,0.021,,,-9.99,,,,
10180004,2003.716619,31.64,64.169,,231,,229.2693,18.704,4.8597,36.5941,209.2,-9.99,0.024,,,-9.99,,,,
10180004,2003.716619,31.64,64.169,,233,,231.2532,18.701,4.8594,36.5939,209.1,-9.99,0.027,,,-9.99,,,,
10180004,2003.716619,31.64,64.169,,235,,233.2371,18.6979,4.8592,36.5938,209.19,-9.99,0.031,,,-9.99,,,,
10180004,2003.716619,31.64,64.169,,237,,235.221,18.695,4.8589,36.5935,209.02,-9.99,0.03,,,-9.99,,,,
10180004,2003.716619,31.64,64.169,,239,,237.2048,18.6913,4.8586,36.5933,208.79,-9.99,0.023,,,-9.99,,,,
10180004,2003.716619,31.64,64.169,,241,,239.1886,18.6884,4.8584,36.5932,208.8,-9.99,0.02,,,-9.99,,,,
10180004,2003.716619,31.64,64.169,,243,,241.1724,18.6836,4.8579,36.5926,208.53,-9.99,0.021,,,-9.99,,,,
10180004,2003.716619,31.64,64.169,,245,,243.1562,18.6774,4.8573,36.592,208.24,-9.99,0.026,,,-9.99,,,,
10180004,2003.716619,31.64,64.169,,247,,245.14,18.6699,4.8565,36.5911,207.88,-9.99,0.026,,,-9.99,,,,
10180004,2003.716619,31.64,64.169,,249,,247.1237,18.6591,4.8553,36.5901,207.5,-9.99,0.023,,,-9.99,,,,
10180004,2003.716619,31.64,64.169,,251,,249.1074,18.6517,4.8545,36.5893,207.39,-9.99,0.021,,,-9.99,,,,
10180004,2003.716619,31.64,64.169,,253,,251.0911,18.6478,4.8542,36.5888,207.13,-9.99,0.027,,,-9.99,,,,
10180004,2003.716619,31.64,64.169,,255,,253.0748,18.6395,4.8533,36.5879,206.68,-9.99,0.029,,,-9.99,,,,
10180004,2003.716619,31.64,64.169,,257,,255.0585,18.6332,4.8526,36.5873,206.62,-9.99,0.028,,,-9.99,,,,
10180004,2003.716619,31.64,64.169,,259,,257.0421,18.6247,4.8517,36.5864,206.55,-9.99,0.024,,,-9.99,,,,
10180004,2003.716619,31.64,64.169,,261,,259.0258,18.6173,4.8509,36.5855,206.5,-9.99,0.02,,,-9.99,,,,
10180004,2003.716619,31.64,64.169,,263,,261.0094,18.6057,4.8496,36.584,206.52,-9.99,0.022,,,-9.99,,,,
10180004,2003.716619,31.64,64.169,,265,,262.993,18.5937,4.8483,36.5827,206.32,-9.99,0.025,,,-9.99,,,,
10180004,2003.716619,31.64,64.169,,267,,264.9765,18.5832,4.8472,36.5817,206.09,-9.99,0.028,,,-9.99,,,,
10180004,2003.716619,31.64,64.169,,269,,266.9601,18.5728,4.8461,36.5808,205.82,-9.99,0.028,,,-9.99,,,,
10180004,2003.716619,31.64,64.169,,271,,268.9436,18.5615,4.8449,36.5799,205.42,-9.99,0.028,,,-9.99,,,,
10180004,2003.716619,31.64,64.169,,273,,270.9271,18.5573,4.8445,36.5795,205.06,-9.99,0.031,,,-9.99,,,,
10180004,2003.716619,31.64,64.169,,275,,272.9106,18.5482,4.8435,36.5784,204.91,-9.99,0.028,,,-9.99,,,,
10180004,2003.716619,31.64,64.169,,277,,274.8941,18.5407,4.8427,36.5776,205.15,-9.99,0.02,,,-9.99,,,,
10180004,2003.716619,31.64,64.169,,279,,276.8776,18.5356,4.8422,36.5772,205.71,-9.99,0.026,,,-9.99,,,,
10180004,2003.716619,31.64,64.169,,281,,278.861,18.53,4.8417,36.5767,205.99,-9.99,0.022,,,-9.99,,,,
10180004,2003.716619,31.64,64.169,,283,,280.8444,18.5261,4.8413,36.5765,206.07,-9.99,0.021,,,-9.99,,,,
10180004,2003.716619,31.64,64.169,,285,,282.8278,18.5246,4.8412,36.5762,205.97,-9.99,0.027,,,-9.99,,,,
10180004,2003.716619,31.64,64.169,,287,,284.8112,18.5213,4.8409,36.5758,206.03,-9.99,0.026,,,-9.99,,,,
10180004,2003.716619,31.64,64.169,,289,,286.7946,18.514,4.8401,36.5748,205.97,-9.99,0.028,,,-9.99,,,,
10180004,2003.716619,31.64,64.169,,291,,288.7779,18.5081,4.8396,36.5744,205.92,-9.99,0.029,,,-9.99,,,,
10180004,2003.716619,31.64,64.169,,293,,290.7612,18.4953,4.8381,36.5725,205.86,-9.99,0.036,,,-9.99,,,,
10180004,2003.716619,31.64,64.169,,295,,292.7445,18.488,4.8374,36.572,205.85,-9.99,0.023,,,-9.99,,,,
10180004,2003.716619,31.64,64.169,,297,,294.7278,18.4831,4.8369,36.5717,205.54,-9.99,0.032,,,-9.99,,,,
10180004,2003.716619,31.64,64.169,,299,,296.7111,18.4782,4.8364,36.571,205.45,-9.99,0.026,,,-9.99,,,,
10180004,2003.716619,31.64,64.169,,301,,298.6943,18.4713,4.8356,36.57,205.37,-9.99,0.019,,,-9.99,,,,
10180004,2003.716619,31.64,64.169,,303,,300.6776,18.4669,4.8352,36.5695,205.51,-9.99,0.027,,,-9.99,,,,
10180004,2003.716619,31.64,64.169,,305,,302.6608,18.4633,4.8349,36.5691,205.39,-9.99,0.028,,,-9.99,,,,
10180004,2003.716619,31.64,64.169,,307,,304.644,18.462,4.8348,36.569,205.33,-9.99,0.025,,,-9.99,,,,
10180004,2003.716619,31.64,64.169,,309,,306.6271,18.4611,4.8348,36.5688,205.33,-9.99,0.022,,,-9.99,,,,
10180004,2003.716619,31.64,64.169,,311,,308.6103,18.4575,4.8344,36.5679,205.19,-9.99,0.027,,,-9.99,,,,
10180004,2003.716619,31.64,64.169,,313,,310.5934,18.443,4.8326,36.5651,204.73,-9.99,0.022,,,-9.99,,,,
10180004,2003.716619,31.64,64.169,,315,,312.5765,18.4313,4.8314,36.5641,204.23,-9.99,0.031,,,-9.99,,,,
10180004,2003.716619,31.64,64.169,,317,,314.5596,18.4131,4.829,36.5595,203.38,-9.99,0.029,,,-9.99,,,,
10180004,2003.716619,31.64,64.169,,319,,316.5427,18.3825,4.8257,36.5574,203.22,-9.99,0.022,,,-9.99,,,,
10180004,2003.716619,31.64,64.169,,321,,318.5258,18.3742,4.8248,36.5563,202.84,-9.99,0.022,,,-9.99,,,,
10180004,2003.716619,31.64,64.169,,323,,320.5088,18.365,4.8238,36.5556,202.7,-9.99,0.023,,,-9.99,,,,
10180004,2003.716619,31.64,64.169,,325,,322.4918,18.3538,4.8227,36.5552,202.62,-9.99,0.028,,,-9.99,,,,
10180004,2003.716619,31.64,64.169,,327,,324.4748,18.3477,4.8221,36.5545,202.13,-9.99,0.024,,,-9.99,,,,
10180004,2003.716619,31.64,64.169,,329,,326.4578,18.3373,4.8209,36.5533,201.94,-9.99,0.023,,,-9.99,,,,
10180004,2003.716619,31.64,64.169,,331,,328.4408,18.3276,4.8199,36.5522,201.9,-9.99,0.023,,,-9.99,,,,
10180004,2003.716619,31.64,64.169,,333,,330.4237,18.3158,4.8186,36.5509,201.97,-9.99,0.021,,,-9.99,,,,
10180004,2003.716619,31.64,64.169,,335,,332.4066,18.3109,4.8181,36.5501,201.72,-9.99,0.021,,,-9.99,,,,
10180004,2003.716619,31.64,64.169,,337,,334.3895,18.3036,4.8173,36.5492,201.17,-9.99,0.022,,,-9.99,,,,
10180004,2003.716619,31.64,64.169,,339,,336.3724,18.2912,4.8159,36.5477,201.1,-9.99,0.023,,,-9.99,,,,
10180004,2003.716619,31.64,64.169,,341,,338.3553,18.2827,4.815,36.5465,201.1,-9.99,0.021,,,-9.99,,,,
10180004,2003.716619,31.64,64.169,,343,,340.3381,18.2742,4.8141,36.5458,201.13,-9.99,0.022,,,-9.99,,,,
10180004,2003.716619,31.64,64.169,,345,,342.3209,18.2665,4.8133,36.5448,201.16,-9.99,0.025,,,-9.99,,,,
10180004,2003.716619,31.64,64.169,,347,,344.3038,18.26,4.8126,36.544,200.53,-9.99,0.024,,,-9.99,,,,
10180004,2003.716619,31.64,64.169,,349,,346.2865,18.2485,4.8112,36.5418,200.16,-9.99,0.028,,,-9.99,,,,
10180004,2003.716619,31.64,64.169,,351,,348.2693,18.2363,4.8099,36.5404,200.14,-9.99,0.022,,,-9.99,,,,
10180004,2003.716619,31.64,64.169,,353,,350.2521,18.2203,4.8081,36.539,199.16,-9.99,0.017,,,-9.99,,,,
10180004,2003.716619,31.64,64.169,,355,,352.2348,18.2114,4.8071,36.5374,199.15,-9.99,0.021,,,-9.99,,,,
10180004,2003.716619,31.64,64.169,,357,,354.2175,18.1883,4.8044,36.5338,199.33,-9.99,0.018,,,-9.99,,,,
10180004,2003.716619,31.64,64.169,,359,,356.2002,18.1732,4.8026,36.5318,197.22,-9.99,0.035,,,-9.99,,,,
10180004,2003.716619,31.64,64.169,,361,,358.1829,18.1555,4.8007,36.5301,197.21,-9.99,0.027,,,-9.99,,,,
10180004,2003.716619,31.64,64.169,,363,,360.1655,18.126,4.7971,36.525,196.67,-9.99,0.019,,,-9.99,,,,
10180004,2003.716619,31.64,64.169,,365,,362.1482,18.1045,4.7947,36.5232,196.31,-9.99,0.024,,,-9.99,,,,
10180004,2003.716619,31.64,64.169,,367,,364.1308,18.0869,4.7927,36.5207,196.01,-9.99,0.03,,,-9.99,,,,
10180004,2003.716619,31.64,64.169,,369,,366.1134,18.0726,4.7911,36.5192,194.93,-9.99,0.022,,,-9.99,,,,
10180004,2003.716619,31.64,64.169,,371,,368.096,18.0545,4.789,36.516,194.32,-9.99,0.023,,,-9.99,,,,
10180004,2003.716619,31.64,64.169,,373,,370.0785,18.0308,4.7862,36.5129,194.2,-9.99,0.03,,,-9.99,,,,
10180004,2003.716619,31.64,64.169,,375,,372.0611,18.0147,4.7845,36.5114,194.1,-9.99,0.03,,,-9.99,,,,
10180004,2003.716619,31.64,64.169,,377,,374.0436,17.9979,4.7825,36.5088,193.84,-9.99,0.026,,,-9.99,,,,
10180004,2003.716619,31.64,64.169,,379,,376.0261,17.9895,4.7816,36.5076,193.71,-9.99,0.023,,,-9.99,,,,
10180004,2003.716619,31.64,64.169,,381,,378.0086,17.9813,4.7807,36.5063,193.43,-9.99,0.022,,,-9.99,,,,
10180004,2003.716619,31.64,64.169,,383,,379.991,17.9722,4.7796,36.5047,193.32,-9.99,0.015,,,-9.99,,,,
10180004,2003.716619,31.64,64.169,,385,,381.9735,17.9644,4.7787,36.5028,193.04,-9.99,0.023,,,-9.99,,,,
10180004,2003.716619,31.64,64.169,,387,,383.9559,17.9412,4.776,36.4994,192.83,-9.99,0.026,,,-9.99,,,,
10180004,2003.716619,31.64,64.169,,389,,385.9383,17.9217,4.7739,36.4982,192.87,-9.99,0.024,,,-9.99,,,,
10180004,2003.716619,31.64,64.169,,391,,387.9207,17.9145,4.7731,36.4975,193.2,-9.99,0.024,,,-9.99,,,,
10180004,2003.716619,31.64,64.169,,393,,389.9031,17.9013,4.7718,36.497,194.22,-9.99,0.023,,,-9.99,,,,
10180004,2003.716619,31.64,64.169,,395,,391.8854,17.8969,4.7714,36.4971,194.86,-9.99,0.025,,,-9.99,,,,
10180004,2003.716619,31.64,64.169,,397,,393.8677,17.8886,4.7706,36.4969,195.64,-9.99,0.031,,,-9.99,,,,
10180004,2003.716619,31.64,64.169,,399,,395.8501,17.871,4.7687,36.4948,196.01,-9.99,0.03,,,-9.99,,,,
10180004,2003.716619,31.64,64.169,,401,,397.8324,17.8537,4.7667,36.4924,195.63,-9.99,0.027,,,-9.99,,,,
10180004,2003.716619,31.64,64.169,,403,,399.8146,17.8377,4.7648,36.4899,195.24,-9.99,0.027,,,-9.99,,,,
10180004,2003.716619,31.64,64.169,,405,,401.7969,17.8147,4.762,36.4858,194.87,-9.99,0.031,,,-9.99,,,,
10180004,2003.716619,31.64,64.169,,407,,403.7791,17.7847,4.7584,36.4808,194.87,-9.99,0.03,,,-9.99,,,,
10180004,2003.716619,31.64,64.169,,409,,405.7613,17.7544,4.7549,36.4771,194.79,-9.99,0.027,,,-9.99,,,,
10180004,2003.716619,31.64,64.169,,411,,407.7435,17.7397,4.7533,36.4751,194.26,-9.99,0.02,,,-9.99,,,,
10180004,2003.716619,31.64,64.169,,413,,409.7257,17.7152,4.7504,36.4712,194.01,-9.99,0.018,,,-9.99,,,,
10180004,2003.716619,31.64,64.169,,415,,411.7079,17.6912,4.7475,36.4674,193.98,-9.99,0.016,,,-9.99,,,,
10180004,2003.716619,31.64,64.169,,417,,413.69,17.6653,4.7445,36.464,193.93,-9.99,0.014,,,-9.99,,,,
10180004,2003.716619,31.64,64.169,,419,,415.6721,17.6645,4.7446,36.4644,193.63,-9.99,0.019,,,-9.99,,,,
10180004,2003.716619,31.64,64.169,,421,,417.6542,17.649,4.7427,36.4615,193.27,-9.99,0.026,,,-9.99,,,,
10180004,2003.716619,31.64,64.169,,423,,419.6363,17.6158,4.7387,36.4561,193.07,-9.99,0.023,,,-9.99,,,,
10180004,2003.716619,31.64,64.169,,425,,421.6184,17.6042,4.7375,36.4548,193.22,-9.99,0.015,,,-9.99,,,,
10180004,2003.716619,31.64,64.169,,427,,423.6004,17.5793,4.7345,36.4505,193.41,-9.99,0.016,,,-9.99,,,,
10180004,2003.716619,31.64,64.169,,429,,425.5824,17.569,4.7334,36.4493,193.59,-9.99,0.024,,,-9.99,,,,
10180004,2003.716619,31.64,64.169,,431,,427.5645,17.5549,4.7317,36.4469,193.75,-9.99,0.024,,,-9.99,,,,
10180004,2003.716619,31.64,64.169,,433,,429.5464,17.5304,4.7288,36.443,194.08,-9.99,0.022,,,-9.99,,,,
10180004,2003.716619,31.64,64.169,,435,,431.5284,17.5074,4.7262,36.4398,194.38,-9.99,0.017,,,-9.99,,,,
10180004,2003.716619,31.64,64.169,,437,,433.5104,17.496,4.7249,36.4381,194.37,-9.99,0.026,,,-9.99,,,,
10180004,2003.716619,31.64,64.169,,439,,435.4923,17.4717,4.722,36.434,194.6,-9.99,0.03,,,-9.99,,,,
10180004,2003.716619,31.64,64.169,,441,,437.4742,17.4484,4.7192,36.4301,194.65,-9.99,0.026,,,-9.99,,,,
10180004,2003.716619,31.64,64.169,,443,,439.4561,17.4194,4.7158,36.4261,194.33,-9.99,0.022,,,-9.99,,,,
10180004,2003.716619,31.64,64.169,,445,,441.438,17.4061,4.7143,36.4243,194.1,-9.99,0.022,,,-9.99,,,,
10180004,2003.716619,31.64,64.169,,447,,443.4198,17.3908,4.7126,36.4222,193.69,-9.99,0.025,,,-9.99,,,,
10180004,2003.716619,31.64,64.169,,449,,445.4017,17.3886,4.7124,36.4219,193.36,-9.99,0.023,,,-9.99,,,,
10180004,2003.716619,31.64,64.169,,451,,447.3835,17.3726,4.7105,36.419,193.31,-9.99,0.022,,,-9.99,,,,
10180004,2003.716619,31.64,64.169,,453,,449.3653,17.3532,4.7083,36.4163,193.18,-9.99,0.023,,,-9.99,,,,
10180004,2003.716619,31.64,64.169,,455,,451.3471,17.3343,4.7062,36.4141,192.88,-9.99,0.022,,,-9.99,,,,
10180004,2003.716619,31.64,64.169,,457,,453.3288,17.3305,4.7058,36.4135,192.73,-9.99,0.016,,,-9.99,,,,
10180004,2003.716619,31.64,64.169,,459,,455.3106,17.317,4.7042,36.411,192.7,-9.99,0.02,,,-9.99,,,,
10180004,2003.716619,31.64,64.169,,461,,457.2923,17.2981,4.7019,36.4074,192.55,-9.99,0.016,,,-9.99,,,,
10180004,2003.716619,31.64,64.169,,463,,459.274,17.2826,4.7002,36.4053,192.27,-9.99,0.016,,,-9.99,,,,
10180004,2003.716619,31.64,64.169,,465,,461.2557,17.2666,4.6983,36.4023,191.99,-9.99,0.018,,,-9.99,,,,
10180004,2003.716619,31.64,64.169,,467,,463.2373,17.2379,4.6947,36.3965,191.49,-9.99,0.023,,,-9.99,,,,
10180004,2003.716619,31.64,64.169,,469,,465.219,17.1948,4.6895,36.3884,190.97,-9.99,0.03,,,-9.99,,,,
10180004,2003.716619,31.64,64.169,,471,,467.2006,17.1499,4.6843,36.383,190.79,-9.99,0.02,,,-9.99,,,,
10180004,2003.716619,31.64,64.169,,473,,469.1822,17.12,4.6807,36.3778,190.35,-9.99,0.014,,,-9.99,,,,
10180004,2003.716619,31.64,64.169,,475,,471.1638,17.092,4.6774,36.373,190.02,-9.99,0.015,,,-9.99,,,,
10180004,2003.716619,31.64,64.169,,477,,473.1454,17.0658,4.6742,36.368,189.9,-9.99,0.015,,,-9.99,,,,
10180004,2003.716619,31.64,64.169,,479,,475.1269,17.0326,4.6702,36.3621,189.77,-9.99,0.016,,,-9.99,,,,
10180004,2003.716619,31.64,64.169,,481,,477.1085,17.0027,4.6668,36.3586,189.72,-9.99,0.03,,,-9.99,,,,
10180004,2003.716619,31.64,64.169,,483,,479.09,16.9808,4.6641,36.354,189.58,-9.99,0.028,,,-9.99,,,,
10180004,2003.716619,31.64,64.169,,485,,481.0715,16.9653,4.6623,36.3515,189.4,-9.99,0.021,,,-9.99,,,,
10180004,2003.716619,31.64,64.169,,487,,483.0529,16.9361,4.6588,36.3465,189.35,-9.99,0.022,,,-9.99,,,,
10180004,2003.716619,31.64,64.169,,489,,485.0344,16.9182,4.6568,36.3442,189.35,-9.99,0.02,,,-9.99,,,,
10180004,2003.716619,31.64,64.169,,491,,487.0158,16.9101,4.6559,36.3428,189.38,-9.99,0.02,,,-9.99,,,,
10180004,2003.716619,31.64,64.169,,493,,488.9972,16.9049,4.6553,36.342,189.41,-9.99,0.021,,,-9.99,,,,
10180004,2003.716619,31.64,64.169,,495,,490.9786,16.8991,4.6547,36.341,189.34,-9.99,0.02,,,-9.99,,,,
10180004,2003.716619,31.64,64.169,,497,,492.96,16.8871,4.6533,36.3386,189.21,-9.99,0.018,,,-9.99,,,,
10180004,2003.716619,31.64,64.169,,499,,494.9414,16.8759,4.652,36.3365,189.1,-9.99,0.018,,,-9.99,,,,
10180004,2003.716619,31.64,64.169,,501,,496.9227,16.8572,4.6498,36.3332,189.23,-9.99,0.019,,,-9.99,,,,
10180004,2003.716619,31.64,64.169,,503,,498.904,16.8397,4.6477,36.33,189.49,-9.99,0.018,,,-9.99,,,,
10180004,2003.716619,31.64,64.169,,505,,500.8853,16.8174,4.6451,36.3262,189.65,-9.99,0.017,,,-9.99,,,,
10180005,2003.717009,31.619,64.166,,,,7,,,,6.9513,26.3443,5.6468,36.4403,212,-9.99,0.035,,,-9.99
10180005,2003.717009,31.619,64.166,,,,9,,,,8.9374,26.3359,5.6462,36.4423,211.8,-9.99,0.035,,,-9.99
10180005,2003.717009,31.619,64.166,,,11,,,10.9234,26.2874,5.6423,36.4515,211.76,-9.99,0.034,,,-9.99,,
10180005,2003.717009,31.619,64.166,,,13,,,12.9094,26.2127,5.6358,36.4627,211.74,-9.99,0.04,,,-9.99,,
10180005,2003.717009,31.619,64.166,,,15,,,14.8954,26.1369,5.6288,36.4714,211.73,-9.99,0.045,,,-9.99,,
10180005,2003.717009,31.619,64.166,,,17,,,16.8814,26.0703,5.6218,36.4728,211.69,-9.99,0.047,,,-9.99,,
10180005,2003.717009,31.619,64.166,,,19,,,18.8674,26.052,5.6199,36.4728,211.75,-9.99,0.045,,,-9.99,,
10180005,2003.717009,31.619,64.166,,,21,,,20.8533,26.0206,5.6171,36.4766,212,-9.99,0.043,,,-9.99,,
10180005,2003.717009,31.619,64.166,,,23,,,22.8392,25.9473,5.6111,36.4899,212.42,-9.99,0.044,,,-9.99,,
10180005,2003.717009,31.619,64.166,,,25,,,24.8251,25.8858,5.6064,36.5039,212.59,-9.99,0.049,,,-9.99,,
10180005,2003.717009,31.619,64.166,,,27,,,26.811,25.8458,5.6033,36.5125,212.92,-9.99,0.048,,,-9.99,,
10180005,2003.717009,31.619,64.166,,,29,,,28.7969,25.7443,5.5946,36.5297,213.52,-9.99,0.046,,,-9.99,,
10180005,2003.717009,31.619,64.166,,,31,,,30.7827,25.7164,5.594,36.5465,213.99,-9.99,0.054,,,-9.99,,
10180005,2003.717009,31.619,64.166,,,33,,,32.7685,25.6964,5.5932,36.5559,213.97,-9.99,0.049,,,-9.99,,
10180005,2003.717009,31.619,64.166,,,35,,,34.7543,25.6763,5.5912,36.5569,213.74,-9.99,0.058,,,-9.99,,
10180005,2003.717009,31.619,64.166,,,37,,,36.7401,25.642,5.587,36.5529,213.89,-9.99,0.053,,,-9.99,,
10180005,2003.717009,31.619,64.166,,,39,,,38.7259,25.5834,5.5799,36.5471,214.1,-9.99,0.054,,,-9.99,,
10180005,2003.717009,31.619,64.166,,,41,,,40.7116,25.5323,5.5737,36.5414,214.24,-9.99,0.057,,,-9.99,,
10180005,2003.717009,31.619,64.166,,,43,,,42.6974,25.461,5.5655,36.5371,214.13,-9.99,0.054,,,-9.99,,
10180005,2003.717009,31.619,64.166,,,45,,,44.6831,25.3554,5.5534,36.5318,213.81,-9.99,0.055,,,-9.99,,
10180005,2003.717009,31.619,64.166,,,47,,,46.6687,25.0443,5.5175,36.5157,213.87,-9.99,0.064,,,-9.99,,
10180005,2003.717009,31.619,64.166,,,49,,,48.6544,24.8157,5.4916,36.5059,213.99,-9.99,0.067,,,-9.99,,
10180005,2003.717009,31.619,64.166,,,51,,,50.6401,24.5791,5.4648,36.4967,214.03,-9.99,0.071,,,-9.99,,
10180005,2003.717009,31.619,64.166,,,53,,,52.6257,24.2286,5.4269,36.4954,213.81,-9.99,0.073,,,-9.99,,
10180005,2003.717009,31.619,64.166,,,55,,,54.6113,23.9548,5.3992,36.5085,214.32,-9.99,0.079,,,-9.99,,
10180005,2003.717009,31.619,64.166,,,57,,,56.5969,23.6058,5.3637,36.5236,214.87,-9.99,0.09,,,-9.99,,
10180005,2003.717009,31.619,64.166,,,59,,,58.5825,23.2723,5.3306,36.5441,214.97,-9.99,0.108,,,-9.99,,
10180005,2003.717009,31.619,64.166,,,61,,,60.568,22.9914,5.3022,36.5574,214.59,-9.99,0.127,,,-9.99,,
10180005,2003.717009,31.619,64.166,,,63,,,62.5535,22.7313,5.2761,36.5706,213.26,-9.99,0.146,,,-9.99,,
10180005,2003.717009,31.619,64.166,,,65,,,64.5391,22.3977,5.2432,36.5919,211.16,-9.99,0.205,,,-9.99,,
10180005,2003.717009,31.619,64.166,,,67,,,66.5246,22.0512,5.2092,36.6156,209.35,-9.99,0.315,,,-9.99,,
10180005,2003.717009,31.619,64.166,,,69,,,68.51,21.8502,5.1894,36.628,208.61,-9.99,0.401,,,-9.99,,
10180005,2003.717009,31.619,64.166,,,71,,,70.4955,21.5621,5.1602,36.6399,207.79,-9.99,0.484,,,-9.99,,
10180005,2003.717009,31.619,64.166,,,73,,,72.4809,21.3109,5.1338,36.6422,208.14,-9.99,0.534,,,-9.99,,
10180005,2003.717009,31.619,64.166,,,75,,,74.4663,21.012,5.1016,36.638,209.24,-9.99,0.513,,,-9.99,,
10180005,2003.717009,31.619,64.166,,,77,,,76.4517,20.7839,5.0771,36.6354,209.61,-9.99,0.426,,,-9.99,,
10180005,2003.717009,31.619,64.166,,,79,,,78.4371,20.6767,5.066,36.6371,210.3,-9.99,0.36,,,-9.99,,
10180005,2003.717009,31.619,64.166,,,81,,,80.4225,20.6138,5.0598,36.6396,209.59,-9.99,0.339,,,-9.99,,
10180005,2003.717009,31.619,64.166,,,83,,,82.4078,20.5582,5.0541,36.6411,208.53,-9.99,0.304,,,-9.99,,
10180005,2003.717009,31.619,64.166,,,85,,,84.3931,20.4921,5.0474,36.6426,206.6,-9.99,0.278,,,-9.99,,
10180005,2003.717009,31.619,64.166,,,87,,,86.3784,20.4482,5.0428,36.6426,206.08,-9.99,0.269,,,-9.99,,
10180005,2003.717009,31.619,64.166,,,89,,,88.3637,20.3461,5.0324,36.6448,204,-9.99,0.263,,,-9.99,,
10180005,2003.717009,31.619,64.166,,,91,,,90.349,20.3141,5.0293,36.6466,203.82,-9.99,0.243,,,-9.99,,
10180005,2003.717009,31.619,64.166,,,93,,,92.3342,20.2953,5.0273,36.646,203.61,-9.99,0.237,,,-9.99,,
10180005,2003.717009,31.619,64.166,,,95,,,94.3195,20.2523,5.0228,36.6452,202.79,-9.99,0.238,,,-9.99,,
10180005,2003.717009,31.619,64.166,,,97,,,96.3047,20.0909,5.0055,36.6428,203.63,-9.99,0.21,,,-9.99,,
10180005,2003.717009,31.619,64.166,,,99,,,98.2899,20.0321,4.9993,36.6426,203.55,-9.99,0.21,,,-9.99,,
10180005,2003.717009,31.619,64.166,,101,,100.275,20.0148,4.9977,36.6433,203.62,-9.99,0.198,,,-9.99,,,,
10180005,2003.717009,31.619,64.166,,103,,102.2602,19.9982,4.996,36.643,203.55,-9.99,0.19,,,-9.99,,,,
10180005,2003.717009,31.619,64.166,,105,,104.2453,19.9358,4.9893,36.6418,203.09,-9.99,0.178,,,-9.99,,,,
10180005,2003.717009,31.619,64.166,,107,,106.2304,19.886,4.9841,36.6413,203.21,-9.99,0.168,,,-9.99,,,,
10180005,2003.717009,31.619,64.166,,109,,108.2155,19.8065,4.9756,36.6399,203.57,-9.99,0.154,,,-9.99,,,,
10180005,2003.717009,31.619,64.166,,111,,110.2006,19.7137,4.9653,36.635,203.78,-9.99,0.145,,,-9.99,,,,
10180005,2003.717009,31.619,64.166,,113,,112.1856,19.6092,4.9538,36.6305,203.98,-9.99,0.131,,,-9.99,,,,
10180005,2003.717009,31.619,64.166,,115,,114.1707,19.5361,4.9461,36.6292,204.36,-9.99,0.111,,,-9.99,,,,
10180005,2003.717009,31.619,64.166,,117,,116.1557,19.4853,4.9407,36.6282,204.66,-9.99,0.102,,,-9.99,,,,
10180005,2003.717009,31.619,64.166,,119,,118.1407,19.4056,4.9321,36.6256,205.19,-9.99,0.089,,,-9.99,,,,
10180005,2003.717009,31.619,64.166,,121,,120.1256,19.3871,4.93,36.6235,205.24,-9.99,0.084,,,-9.99,,,,
10180005,2003.717009,31.619,64.166,,123,,122.1106,19.3609,4.9272,36.6227,205.25,-9.99,0.077,,,-9.99,,,,
10180005,2003.717009,31.619,64.166,,125,,124.0955,19.3425,4.9253,36.6221,205.41,-9.99,0.075,,,-9.99,,,,
10180005,2003.717009,31.619,64.166,,127,,126.0805,19.3239,4.9234,36.6217,205.31,-9.99,0.073,,,-9.99,,,,
10180005,2003.717009,31.619,64.166,,129,,128.0654,19.3004,4.9212,36.6235,205,-9.99,0.07,,,-9.99,,,,
10180005,2003.717009,31.619,64.166,,131,,130.0502,19.2762,4.9191,36.6262,204.48,-9.99,0.062,,,-9.99,,,,
10180005,2003.717009,31.619,64.166,,133,,132.0351,19.2604,4.9178,36.6286,204.07,-9.99,0.052,,,-9.99,,,,
10180005,2003.717009,31.619,64.166,,135,,134.0199,19.2229,4.9144,36.6325,203.5,-9.99,0.04,,,-9.99,,,,
10180005,2003.717009,31.619,64.166,,137,,136.0048,19.2144,4.9133,36.6304,203.5,-9.99,0.032,,,-9.99,,,,
10180005,2003.717009,31.619,64.166,,139,,137.9896,19.2002,4.9118,36.6292,203.35,-9.99,0.032,,,-9.99,,,,
10180005,2003.717009,31.619,64.166,,141,,139.9743,19.1795,4.9094,36.6269,203.23,-9.99,0.035,,,-9.99,,,,
10180005,2003.717009,31.619,64.166,,143,,141.9591,19.142,4.9052,36.6236,203.11,-9.99,0.036,,,-9.99,,,,
10180005,2003.717009,31.619,64.166,,145,,143.9438,19.1208,4.9029,36.6227,202.72,-9.99,0.034,,,-9.99,,,,
10180005,2003.717009,31.619,64.166,,147,,145.9286,19.0954,4.9,36.62,202.84,-9.99,0.031,,,-9.99,,,,
10180005,2003.717009,31.619,64.166,,149,,147.9133,19.0583,4.8958,36.616,203.09,-9.99,0.034,,,-9.99,,,,
10180005,2003.717009,31.619,64.166,,151,,149.898,19.046,4.8945,36.6156,203.1,-9.99,0.028,,,-9.99,,,,
10180005,2003.717009,31.619,64.166,,153,,151.8826,19.0317,4.893,36.6149,203.09,-9.99,0.03,,,-9.99,,,,
10180005,2003.717009,31.619,64.166,,155,,153.8673,19.02,4.8918,36.6141,203.06,-9.99,0.032,,,-9.99,,,,
10180005,2003.717009,31.619,64.166,,157,,155.8519,19.0182,4.8917,36.6139,203.17,-9.99,0.033,,,-9.99,,,,
10180005,2003.717009,31.619,64.166,,159,,157.8365,19.013,4.8912,36.6134,203.25,-9.99,0.036,,,-9.99,,,,
10180005,2003.717009,31.619,64.166,,161,,159.8211,19.0022,4.89,36.6122,203.31,-9.99,0.036,,,-9.99,,,,
10180005,2003.717009,31.619,64.166,,163,,161.8057,18.991,4.8887,36.6108,203.71,-9.99,0.037,,,-9.99,,,,
10180005,2003.717009,31.619,64.166,,165,,163.7902,18.9653,4.8857,36.6071,204.25,-9.99,0.032,,,-9.99,,,,
10180005,2003.717009,31.619,64.166,,167,,165.7748,18.9437,4.8833,36.6056,204.35,-9.99,0.03,,,-9.99,,,,
10180005,2003.717009,31.619,64.166,,169,,167.7593,18.9229,4.8811,36.6046,204.56,-9.99,0.032,,,-9.99,,,,
10180005,2003.717009,31.619,64.166,,171,,169.7438,18.9093,4.8797,36.604,204.71,-9.99,0.033,,,-9.99,,,,
10180005,2003.717009,31.619,64.166,,173,,171.7283,18.9029,4.8791,36.6037,204.94,-9.99,0.038,,,-9.99,,,,
10180005,2003.717009,31.619,64.166,,175,,173.7127,18.8923,4.878,36.6029,205.78,-9.99,0.034,,,-9.99,,,,
10180005,2003.717009,31.619,64.166,,177,,175.6972,18.8829,4.877,36.602,206.31,-9.99,0.024,,,-9.99,,,,
10180005,2003.717009,31.619,64.166,,179,,177.6816,18.8682,4.8753,36.6007,206.78,-9.99,0.024,,,-9.99,,,,
10180005,2003.717009,31.619,64.166,,181,,179.666,18.8617,4.8747,36.6003,206.91,-9.99,0.03,,,-9.99,,,,
10180005,2003.717009,31.619,64.166,,183,,181.6503,18.8514,4.8736,36.5995,207.15,-9.99,0.035,,,-9.99,,,,
10180005,2003.717009,31.619,64.166,,185,,183.6347,18.8389,4.8723,36.5988,207.33,-9.99,0.029,,,-9.99,,,,
10180005,2003.717009,31.619,64.166,,187,,185.6191,18.8322,4.8717,36.5984,207.5,-9.99,0.027,,,-9.99,,,,
10180005,2003.717009,31.619,64.166,,189,,187.6034,18.8276,4.8713,36.5983,207.69,-9.99,0.026,,,-9.99,,,,
10180005,2003.717009,31.619,64.166,,191,,189.5877,18.8206,4.8706,36.598,207.78,-9.99,0.029,,,-9.99,,,,
10180005,2003.717009,31.619,64.166,,193,,191.572,18.8128,4.8698,36.5978,207.78,-9.99,0.029,,,-9.99,,,,
10180005,2003.717009,31.619,64.166,,195,,193.5562,18.8061,4.8692,36.5977,207.83,-9.99,0.03,,,-9.99,,,,
10180005,2003.717009,31.619,64.166,,197,,195.5405,18.8012,4.8688,36.5975,207.81,-9.99,0.029,,,-9.99,,,,
10180005,2003.717009,31.619,64.166,,199,,197.5247,18.7959,4.8683,36.5976,207.64,-9.99,0.026,,,-9.99,,,,
10180005,2003.717009,31.619,64.166,,201,,199.5089,18.793,4.8681,36.5977,207.59,-9.99,0.024,,,-9.99,,,,
10180005,2003.717009,31.619,64.166,,203,,201.4931,18.7862,4.8675,36.5978,207.45,-9.99,0.021,,,-9.99,,,,
10180005,2003.717009,31.619,64.166,,205,,203.4773,18.7826,4.8672,36.5977,207.43,-9.99,0.024,,,-9.99,,,,
10180005,2003.717009,31.619,64.166,,207,,205.4614,18.7761,4.8666,36.5977,207.28,-9.99,0.029,,,-9.99,,,,
10180005,2003.717009,31.619,64.166,,209,,207.4455,18.7737,4.8664,36.5977,207.11,-9.99,0.026,,,-9.99,,,,
10180005,2003.717009,31.619,64.166,,211,,209.4297,18.768,4.8659,36.5974,207.08,-9.99,0.026,,,-9.99,,,,
10180005,2003.717009,31.619,64.166,,213,,211.4137,18.7592,4.865,36.5971,207.2,-9.99,0.016,,,-9.99,,,,
10180005,2003.717009,31.619,64.166,,215,,213.3978,18.7535,4.8645,36.5968,207.32,-9.99,0.022,,,-9.99,,,,
10180005,2003.717009,31.619,64.166,,217,,215.3819,18.7462,4.8638,36.5964,207.13,-9.99,0.033,,,-9.99,,,,
10180005,2003.717009,31.619,64.166,,219,,217.3659,18.7415,4.8633,36.5962,207.17,-9.99,0.036,,,-9.99,,,,
10180005,2003.717009,31.619,64.166,,221,,219.3499,18.7297,4.8621,36.5953,207.42,-9.99,0.028,,,-9.99,,,,
10180005,2003.717009,31.619,64.166,,223,,221.3339,18.7227,4.8614,36.5952,207.69,-9.99,0.023,,,-9.99,,,,
10180005,2003.717009,31.619,64.166,,225,,223.3179,18.7155,4.8607,36.5943,207.56,-9.99,0.031,,,-9.99,,,,
10180005,2003.717009,31.619,64.166,,227,,225.3019,18.7085,4.86,36.5939,207.67,-9.99,0.029,,,-9.99,,,,
10180005,2003.717009,31.619,64.166,,229,,227.2858,18.7054,4.8597,36.5937,207.77,-9.99,0.026,,,-9.99,,,,
10180005,2003.717009,31.619,64.166,,231,,229.2697,18.7,4.8592,36.5932,207.74,-9.99,0.028,,,-9.99,,,,
10180005,2003.717009,31.619,64.166,,233,,231.2536,18.6922,4.8584,36.5926,207.64,-9.99,0.028,,,-9.99,,,,
10180005,2003.717009,31.619,64.166,,235,,233.2375,18.6859,4.8577,36.5921,207.46,-9.99,0.028,,,-9.99,,,,
10180005,2003.717009,31.619,64.166,,237,,235.2214,18.6824,4.8574,36.5919,207.31,-9.99,0.029,,,-9.99,,,,
10180005,2003.717009,31.619,64.166,,239,,237.2052,18.6796,4.8572,36.5917,207.21,-9.99,0.027,,,-9.99,,,,
10180005,2003.717009,31.619,64.166,,241,,239.189,18.6769,4.857,36.5913,206.88,-9.99,0.027,,,-9.99,,,,
10180005,2003.717009,31.619,64.166,,243,,241.1728,18.6724,4.8565,36.5909,206.57,-9.99,0.023,,,-9.99,,,,
10180005,2003.717009,31.619,64.166,,245,,243.1566,18.668,4.8561,36.5901,206.69,-9.99,0.032,,,-9.99,,,,
10180005,2003.717009,31.619,64.166,,247,,245.1404,18.6518,4.8543,36.5883,205.2,-9.99,0.026,,,-9.99,,,,
10180005,2003.717009,31.619,64.166,,249,,247.1241,18.636,4.8525,36.5866,203.85,-9.99,0.02,,,-9.99,,,,
10180005,2003.717009,31.619,64.166,,251,,249.1079,18.6263,4.8515,36.5856,203.34,-9.99,0.021,,,-9.99,,,,
10180005,2003.717009,31.619,64.166,,253,,251.0916,18.6142,4.8501,36.5842,202.86,-9.99,0.023,,,-9.99,,,,
10180005,2003.717009,31.619,64.166,,255,,253.0753,18.6028,4.8489,36.5831,202.4,-9.99,0.024,,,-9.99,,,,
10180005,2003.717009,31.619,64.166,,257,,255.0589,18.5941,4.8479,36.5821,201.97,-9.99,0.025,,,-9.99,,,,
10180005,2003.717009,31.619,64.166,,259,,257.0426,18.5829,4.8467,36.5809,202.25,-9.99,0.025,,,-9.99,,,,
10180005,2003.717009,31.619,64.166,,261,,259.0262,18.5749,4.8459,36.5801,202.46,-9.99,0.024,,,-9.99,,,,
10180005,2003.717009,31.619,64.166,,263,,261.0098,18.5627,4.8446,36.579,202.67,-9.99,0.02,,,-9.99,,,,
10180005,2003.717009,31.619,64.166,,265,,262.9934,18.547,4.8429,36.5777,203.12,-9.99,0.014,,,-9.99,,,,
10180005,2003.717009,31.619,64.166,,267,,264.977,18.5341,4.8414,36.5761,204.23,-9.99,0.02,,,-9.99,,,,
10180005,2003.717009,31.619,64.166,,269,,266.9606,18.5197,4.8398,36.5741,205.09,-9.99,0.023,,,-9.99,,,,
10180005,2003.717009,31.619,64.166,,271,,268.9441,18.5065,4.8382,36.5718,205.53,-9.99,0.022,,,-9.99,,,,
10180005,2003.717009,31.619,64.166,,273,,270.9276,18.4897,4.8362,36.5693,205.89,-9.99,0.025,,,-9.99,,,,
10180005,2003.717009,31.619,64.166,,275,,272.9111,18.4713,4.8341,36.5671,205.56,-9.99,0.024,,,-9.99,,,,
10180005,2003.717009,31.619,64.166,,277,,274.8946,18.4535,4.8322,36.5653,205.35,-9.99,0.021,,,-9.99,,,,
10180005,2003.717009,31.619,64.166,,279,,276.8781,18.446,4.8314,36.5645,205.38,-9.99,0.023,,,-9.99,,,,
10180005,2003.717009,31.619,64.166,,281,,278.8615,18.444,4.8312,36.5642,205.23,-9.99,0.021,,,-9.99,,,,
10180005,2003.717009,31.619,64.166,,283,,280.8449,18.4357,4.8303,36.5631,205,-9.99,0.023,,,-9.99,,,,
10180005,2003.717009,31.619,64.166,,285,,282.8283,18.4278,4.8295,36.5621,204.87,-9.99,0.026,,,-9.99,,,,
10180005,2003.717009,31.619,64.166,,287,,284.8117,18.4142,4.8279,36.5603,204.76,-9.99,0.028,,,-9.99,,,,
10180005,2003.717009,31.619,64.166,,289,,286.7951,18.4073,4.8272,36.5596,204.86,-9.99,0.025,,,-9.99,,,,
10180005,2003.717009,31.619,64.166,,291,,288.7784,18.4037,4.8268,36.559,204.89,-9.99,0.027,,,-9.99,,,,
10180005,2003.717009,31.619,64.166,,293,,290.7617,18.3992,4.8264,36.5583,204.78,-9.99,0.028,,,-9.99,,,,
10180005,2003.717009,31.619,64.166,,295,,292.7451,18.39,4.8253,36.5569,204.9,-9.99,0.029,,,-9.99,,,,
10180005,2003.717009,31.619,64.166,,297,,294.7283,18.3742,4.8235,36.5549,204.86,-9.99,0.025,,,-9.99,,,,
10180005,2003.717009,31.619,64.166,,299,,296.7116,18.3715,4.8233,36.5546,204.92,-9.99,0.023,,,-9.99,,,,
10180005,2003.717009,31.619,64.166,,301,,298.6949,18.3688,4.8231,36.5542,204.83,-9.99,0.02,,,-9.99,,,,
10180005,2003.717009,31.619,64.166,,303,,300.6781,18.3664,4.8229,36.5538,204.71,-9.99,0.021,,,-9.99,,,,
10180005,2003.717009,31.619,64.166,,305,,302.6613,18.3613,4.8223,36.5529,204.65,-9.99,0.024,,,-9.99,,,,
10180005,2003.717009,31.619,64.166,,307,,304.6445,18.3473,4.8208,36.5513,204.56,-9.99,0.028,,,-9.99,,,,
10180005,2003.717009,31.619,64.166,,309,,306.6277,18.3356,4.8195,36.5502,204.21,-9.99,0.025,,,-9.99,,,,
10180005,2003.717009,31.619,64.166,,311,,308.6108,18.3253,4.8184,36.549,204,-9.99,0.025,,,-9.99,,,,
10180005,2003.717009,31.619,64.166,,313,,310.594,18.318,4.8176,36.5481,204.01,-9.99,0.028,,,-9.99,,,,
10180005,2003.717009,31.619,64.166,,315,,312.5771,18.3084,4.8165,36.5469,204.16,-9.99,0.034,,,-9.99,,,,
10180005,2003.717009,31.619,64.166,,317,,314.5602,18.2977,4.8154,36.5455,204.35,-9.99,0.036,,,-9.99,,,,
10180005,2003.717009,31.619,64.166,,319,,316.5433,18.2935,4.8149,36.5448,204.45,-9.99,0.032,,,-9.99,,,,
10180005,2003.717009,31.619,64.166,,321,,318.5263,18.2889,4.8145,36.5442,204.52,-9.99,0.029,,,-9.99,,,,
10180005,2003.717009,31.619,64.166,,323,,320.5094,18.2827,4.8138,36.5433,204.39,-9.99,0.028,,,-9.99,,,,
10180005,2003.717009,31.619,64.166,,325,,322.4924,18.2704,4.8124,36.542,204.27,-9.99,0.026,,,-9.99,,,,
10180005,2003.717009,31.619,64.166,,327,,324.4754,18.2597,4.8114,36.5415,204.56,-9.99,0.026,,,-9.99,,,,
10180005,2003.717009,31.619,64.166,,329,,326.4584,18.252,4.8106,36.541,204.39,-9.99,0.028,,,-9.99,,,,
10180005,2003.717009,31.619,64.166,,331,,328.4413,18.2452,4.8099,36.5404,204.21,-9.99,0.027,,,-9.99,,,,
10180005,2003.717009,31.619,64.166,,333,,330.4243,18.2339,4.8086,36.539,203.84,-9.99,0.026,,,-9.99,,,,
10180005,2003.717009,31.619,64.166,,335,,332.4072,18.2252,4.8077,36.5382,203.4,-9.99,0.025,,,-9.99,,,,
10180005,2003.717009,31.619,64.166,,337,,334.3901,18.2146,4.8066,36.5372,203.05,-9.99,0.024,,,-9.99,,,,
10180005,2003.717009,31.619,64.166,,339,,336.373,18.2127,4.8065,36.5371,202.7,-9.99,0.024,,,-9.99,,,,
10180005,2003.717009,31.619,64.166,,341,,338.3559,18.2052,4.8057,36.5363,202.33,-9.99,0.029,,,-9.99,,,,
10180005,2003.717009,31.619,64.166,,343,,340.3387,18.1985,4.805,36.5357,201.56,-9.99,0.028,,,-9.99,,,,
10180005,2003.717009,31.619,64.166,,345,,342.3215,18.1844,4.8035,36.5345,200.8,-9.99,0.028,,,-9.99,,,,
10180005,2003.717009,31.619,64.166,,347,,344.3043,18.1734,4.8023,36.5334,200.11,-9.99,0.029,,,-9.99,,,,
10180005,2003.717009,31.619,64.166,,349,,346.2871,18.1659,4.8016,36.5329,199.87,-9.99,0.029,,,-9.99,,,,
10180005,2003.717009,31.619,64.166,,351,,348.2699,18.1617,4.8012,36.5325,199.83,-9.99,0.025,,,-9.99,,,,
10180005,2003.717009,31.619,64.166,,353,,350.2527,18.1563,4.8006,36.5319,199.48,-9.99,0.024,,,-9.99,,,,
10180005,2003.717009,31.619,64.166,,355,,352.2354,18.1395,4.7987,36.5298,199.35,-9.99,0.025,,,-9.99,,,,
10180005,2003.717009,31.619,64.166,,357,,354.2181,18.1201,4.7965,36.5273,198.65,-9.99,0.02,,,-9.99,,,,
10180005,2003.717009,31.619,64.166,,359,,356.2008,18.1068,4.795,36.526,198.68,-9.99,0.024,,,-9.99,,,,
10180005,2003.717009,31.619,64.166,,361,,358.1835,18.0941,4.7936,36.5243,198.29,-9.99,0.034,,,-9.99,,,,
10180005,2003.717009,31.619,64.166,,363,,360.1662,18.0846,4.7926,36.5231,198.13,-9.99,0.022,,,-9.99,,,,
10180005,2003.717009,31.619,64.166,,365,,362.1488,18.0628,4.79,36.5194,197.77,-9.99,0.019,,,-9.99,,,,
10180005,2003.717009,31.619,64.166,,367,,364.1314,18.0566,4.7895,36.52,197.2,-9.99,0.023,,,-9.99,,,,
10180005,2003.717009,31.619,64.166,,369,,366.114,18.0461,4.7883,36.5182,197.06,-9.99,0.026,,,-9.99,,,,
10180005,2003.717009,31.619,64.166,,371,,368.0966,18.029,4.7863,36.5158,196.87,-9.99,0.028,,,-9.99,,,,
10180005,2003.717009,31.619,64.166,,373,,370.0792,18.0157,4.7848,36.5143,196.83,-9.99,0.03,,,-9.99,,,,
10180005,2003.717009,31.619,64.166,,375,,372.0617,18.0107,4.7843,36.5139,196.82,-9.99,0.03,,,-9.99,,,,
10180005,2003.717009,31.619,64.166,,377,,374.0442,17.9979,4.7828,36.5114,196.53,-9.99,0.026,,,-9.99,,,,
10180005,2003.717009,31.619,64.166,,379,,376.0267,17.9754,4.7802,36.508,195.87,-9.99,0.017,,,-9.99,,,,
10180005,2003.717009,31.619,64.166,,381,,378.0092,17.961,4.7786,36.5064,195.47,-9.99,0.02,,,-9.99,,,,
10180005,2003.717009,31.619,64.166,,383,,379.9917,17.9463,4.7769,36.5043,195.29,-9.99,0.024,,,-9.99,,,,
10180005,2003.717009,31.619,64.166,,385,,381.9741,17.9333,4.7754,36.5024,195.32,-9.99,0.024,,,-9.99,,,,
10180005,2003.717009,31.619,64.166,,387,,383.9566,17.9143,4.7732,36.4997,195.47,-9.99,0.02,,,-9.99,,,,
10180005,2003.717009,31.619,64.166,,389,,385.939,17.8882,4.7703,36.497,195.7,-9.99,0.021,,,-9.99,,,,
10180005,2003.717009,31.619,64.166,,391,,387.9214,17.8771,4.769,36.4951,195.73,-9.99,0.03,,,-9.99,,,,
10180005,2003.717009,31.619,64.166,,393,,389.9037,17.8601,4.767,36.4928,195.55,-9.99,0.025,,,-9.99,,,,
10180005,2003.717009,31.619,64.166,,395,,391.8861,17.8383,4.7645,36.4898,195.11,-9.99,0.026,,,-9.99,,,,
10180005,2003.717009,31.619,64.166,,397,,393.8684,17.8182,4.7621,36.4865,194.82,-9.99,0.028,,,-9.99,,,,
10180005,2003.717009,31.619,64.166,,399,,395.8507,17.7937,4.7593,36.4834,194.72,-9.99,0.027,,,-9.99,,,,
10180005,2003.717009,31.619,64.166,,401,,397.833,17.7765,4.7573,36.4812,194.37,-9.99,0.028,,,-9.99,,,,
10180005,2003.717009,31.619,64.166,,403,,399.8153,17.7548,4.7548,36.4779,194.02,-9.99,0.027,,,-9.99,,,,
10180005,2003.717009,31.619,64.166,,405,,401.7976,17.7301,4.7519,36.474,193.87,-9.99,0.023,,,-9.99,,,,
10180005,2003.717009,31.619,64.166,,407,,403.7798,17.714,4.75,36.4718,193.87,-9.99,0.021,,,-9.99,,,,
10180005,2003.717009,31.619,64.166,,409,,405.762,17.7004,4.7484,36.4694,192.52,-9.99,0.021,,,-9.99,,,,
10180005,2003.717009,31.619,64.166,,411,,407.7442,17.6774,4.7457,36.4659,192.07,-9.99,0.023,,,-9.99,,,,
10180005,2003.717009,31.619,64.166,,413,,409.7264,17.6491,4.7423,36.4612,192.6,-9.99,0.021,,,-9.99,,,,
10180005,2003.717009,31.619,64.166,,415,,411.7086,17.6209,4.739,36.4572,193.17,-9.99,0.018,,,-9.99,,,,
10180005,2003.717009,31.619,64.166,,417,,413.6907,17.6057,4.7373,36.4551,193.33,-9.99,0.024,,,-9.99,,,,
10180005,2003.717009,31.619,64.166,,419,,415.6728,17.5957,4.7362,36.4535,193.3,-9.99,0.024,,,-9.99,,,,
10180005,2003.717009,31.619,64.166,,421,,417.655,17.5822,4.7347,36.4517,193.08,-9.99,0.02,,,-9.99,,,,
10180005,2003.717009,31.619,64.166,,423,,419.637,17.5553,4.7314,36.447,192.92,-9.99,0.022,,,-9.99,,,,
10180005,2003.717009,31.619,64.166,,425,,421.6191,17.5225,4.7276,36.4421,192.83,-9.99,0.031,,,-9.99,,,,
10180005,2003.717009,31.619,64.166,,427,,423.6012,17.5184,4.7272,36.4419,192.74,-9.99,0.026,,,-9.99,,,,
10180005,2003.717009,31.619,64.166,,429,,425.5832,17.5154,4.7269,36.4414,192.78,-9.99,0.022,,,-9.99,,,,
10180005,2003.717009,31.619,64.166,,431,,427.5652,17.5134,4.7268,36.4413,192.82,-9.99,0.02,,,-9.99,,,,
10180005,2003.717009,31.619,64.166,,433,,429.5472,17.5062,4.7259,36.4394,192.82,-9.99,0.018,,,-9.99,,,,
10180005,2003.717009,31.619,64.166,,435,,431.5292,17.493,4.7244,36.4376,192.81,-9.99,0.023,,,-9.99,,,,
10180005,2003.717009,31.619,64.166,,437,,433.5111,17.4863,4.7237,36.4365,192.21,-9.99,0.023,,,-9.99,,,,
10180005,2003.717009,31.619,64.166,,439,,435.493,17.4769,4.7226,36.4347,191.61,-9.99,0.02,,,-9.99,,,,
10180005,2003.717009,31.619,64.166,,441,,437.475,17.4404,4.7181,36.4277,191.46,-9.99,0.023,,,-9.99,,,,
10180005,2003.717009,31.619,64.166,,443,,439.4569,17.4041,4.7138,36.422,191.13,-9.99,0.02,,,-9.99,,,,
10180005,2003.717009,31.619,64.166,,445,,441.4387,17.3674,4.7094,36.4164,190.93,-9.99,0.012,,,-9.99,,,,
10180005,2003.717009,31.619,64.166,,447,,443.4206,17.3358,4.7057,36.4118,190.89,-9.99,0.009,,,-9.99,,,,
10180005,2003.717009,31.619,64.166,,449,,445.4024,17.3157,4.7035,36.4096,190.73,-9.99,0.003,,,-9.99,,,,
10180005,2003.717009,31.619,64.166,,451,,447.3843,17.3029,4.7019,36.4068,190.24,-9.99,0.014,,,-9.99,,,,
10180005,2003.717009,31.619,64.166,,453,,449.3661,17.2738,4.6985,36.4021,189.9,-9.99,0.024,,,-9.99,,,,
10180005,2003.717009,31.619,64.166,,455,,451.3478,17.2442,4.6949,36.3969,189.64,-9.99,0.021,,,-9.99,,,,
10180005,2003.717009,31.619,64.166,,457,,453.3296,17.1971,4.6893,36.39,189.39,-9.99,0.017,,,-9.99,,,,
10180005,2003.717009,31.619,64.166,,459,,455.3113,17.1724,4.6864,36.386,189.44,-9.99,0.02,,,-9.99,,,,
10180005,2003.717009,31.619,64.166,,461,,457.2931,17.1415,4.6827,36.3804,189.45,-9.99,0.025,,,-9.99,,,,
10180005,2003.717009,31.619,64.166,,463,,459.2748,17.1074,4.6787,36.3756,189.32,-9.99,0.028,,,-9.99,,,,
10180005,2003.717009,31.619,64.166,,465,,461.2565,17.0867,4.6762,36.372,189.23,-9.99,0.028,,,-9.99,,,,
10180005,2003.717009,31.619,64.166,,467,,463.2381,17.0671,4.674,36.3692,189.17,-9.99,0.023,,,-9.99,,,,
10180005,2003.717009,31.619,64.166,,469,,465.2198,17.053,4.6724,36.3671,188.98,-9.99,0.018,,,-9.99,,,,
10180005,2003.717009,31.619,64.166,,471,,467.2014,17.053,4.6725,36.3673,188.69,-9.99,0.021,,,-9.99,,,,
10180005,2003.717009,31.619,64.166,,473,,469.183,17.0483,4.672,36.3662,188.64,-9.99,0.025,,,-9.99,,,,
10180005,2003.717009,31.619,64.166,,475,,471.1646,17.0409,4.6711,36.3647,188.8,-9.99,0.03,,,-9.99,,,,
10180005,2003.717009,31.619,64.166,,477,,473.1462,17.0247,4.6691,36.3611,188.77,-9.99,0.03,,,-9.99,,,,
10180005,2003.717009,31.619,64.166,,479,,475.1277,17.0104,4.6674,36.3583,188.36,-9.99,0.028,,,-9.99,,,,
10180005,2003.717009,31.619,64.166,,481,,477.1093,16.984,4.6643,36.3539,188.46,-9.99,0.024,,,-9.99,,,,
10180005,2003.717009,31.619,64.166,,483,,479.0908,16.9543,4.6606,36.3475,188.65,-9.99,0.028,,,-9.99,,,,
10180005,2003.717009,31.619,64.166,,485,,481.0723,16.911,4.6556,36.3421,188.76,-9.99,0.025,,,-9.99,,,,
10180005,2003.717009,31.619,64.166,,487,,483.0538,16.8923,4.6534,36.3389,188.8,-9.99,0.027,,,-9.99,,,,
10180005,2003.717009,31.619,64.166,,489,,485.0352,16.8788,4.6519,36.3366,188.78,-9.99,0.03,,,-9.99,,,,
10180005,2003.717009,31.619,64.166,,491,,487.0167,16.8552,4.649,36.3316,188.59,-9.99,0.024,,,-9.99,,,,
10180005,2003.717009,31.619,64.166,,493,,488.9981,16.8225,4.6451,36.3267,188.44,-9.99,0.032,,,-9.99,,,,
10180005,2003.717009,31.619,64.166,,495,,490.9795,16.7919,4.6414,36.3212,188.24,-9.99,0.036,,,-9.99,,,,
10180005,2003.717009,31.619,64.166,,497,,492.9609,16.7591,4.6376,36.3161,187.8,-9.99,0.034,,,-9.99,,,,
10180005,2003.717009,31.619,64.166,,499,,494.9422,16.74,4.6353,36.3129,187.62,-9.99,0.032,,,-9.99,,,,
10180005,2003.717009,31.619,64.166,,501,,496.9236,16.7036,4.6307,36.3037,187.74,-9.99,0.026,,,-9.99,,,,
10180005,2003.717009,31.619,64.166,,503,,498.9049,16.6667,4.6264,36.2991,187.27,-9.99,0.027,,,-9.99,,,,
10180005,2003.717009,31.619,64.166,,505,,500.8862,16.6426,4.6235,36.2946,186.19,-9.99,0.025,,,-9.99,,,,
10180005,2003.717009,31.619,64.166,,507,,502.8675,16.6033,4.6188,36.2877,185.62,-9.99,0.029,,,-9.99,,,,
10180005,2003.717009,31.619,64.166,,509,,504.8488,16.5738,4.6153,36.2822,185.49,-9.99,0.022,,,-9.99,,,,
10180005,2003.717009,31.619,64.166,,511,,506.83,16.537,4.6109,36.276,185.24,-9.99,0.021,,,-9.99,,,,
10180005,2003.717009,31.619,64.166,,513,,508.8113,16.5078,4.6074,36.2712,185.11,-9.99,0.021,,,-9.99,,,,
10180005,2003.717009,31.619,64.166,,515,,510.7925,16.4756,4.6037,36.2662,185.06,-9.99,0.018,,,-9.99,,,,
10180005,2003.717009,31.619,64.166,,517,,512.7737,16.467,4.6025,36.2626,184.61,-9.99,0.019,,,-9.99,,,,
10180005,2003.717009,31.619,64.166,,519,,514.7548,16.4198,4.5967,36.2535,184.21,-9.99,0.02,,,-9.99,,,,
10180005,2003.717009,31.619,64.166,,521,,516.736,16.379,4.5919,36.2477,184.28,-9.99,0.02,,,-9.99,,,,
10180005,2003.717009,31.619,64.166,,523,,518.7171,16.3403,4.5874,36.2419,184.36,-9.99,0.026,,,-9.99,,,,
10180005,2003.717009,31.619,64.166,,525,,520.6982,16.2976,4.5824,36.2351,184.4,-9.99,0.025,,,-9.99,,,,
10180005,2003.717009,31.619,64.166,,527,,522.6793,16.2687,4.5791,36.2311,184.45,-9.99,0.022,,,-9.99,,,,
10180005,2003.717009,31.619,64.166,,529,,524.6604,16.2575,4.5778,36.2292,184.32,-9.99,0.025,,,-9.99,,,,
10180005,2003.717009,31.619,64.166,,531,,526.6415,16.2389,4.5755,36.2252,184.12,-9.99,0.023,,,-9.99,,,,
10180005,2003.717009,31.619,64.166,,533,,528.6225,16.2032,4.5712,36.2186,183.93,-9.99,0.024,,,-9.99,,,,
10180005,2003.717009,31.619,64.166,,535,,530.6035,16.1604,4.5662,36.2117,183.75,-9.99,0.027,,,-9.99,,,,
10180005,2003.717009,31.619,64.166,,537,,532.5845,16.1339,4.5631,36.2075,183.63,-9.99,0.03,,,-9.99,,,,
10180005,2003.717009,31.619,64.166,,539,,534.5655,16.0978,4.5587,36.2007,183.5,-9.99,0.025,,,-9.99,,,,
10180005,2003.717009,31.619,64.166,,541,,536.5465,16.0514,4.5533,36.1935,183.33,-9.99,0.02,,,-9.99,,,,
10180005,2003.717009,31.619,64.166,,543,,538.5274,16.0271,4.5505,36.19,183.02,-9.99,0.017,,,-9.99,,,,
10180005,2003.717009,31.619,64.166,,545,,540.5084,15.9906,4.546,36.1823,181.34,-9.99,0.024,,,-9.99,,,,
10180005,2003.717009,31.619,64.166,,547,,542.4893,15.973,4.5439,36.1789,178.4,-9.99,0.018,,,-9.99,,,,
10180005,2003.717009,31.619,64.166,,549,,544.4702,15.9652,4.5431,36.1781,177.85,-9.99,0.02,,,-9.99,,,,
10180005,2003.717009,31.619,64.166,,551,,546.451,15.9413,4.5398,36.1693,177.57,-9.99,0.016,,,-9.99,,,,
10180005,2003.717009,31.619,64.166,,553,,548.4319,15.8443,4.5279,36.15,177.08,-9.99,0.016,,,-9.99,,,,
10180005,2003.717009,31.619,64.166,,555,,550.4127,15.81,4.524,36.1457,175.05,-9.99,0.025,,,-9.99,,,,
10180005,2003.717009,31.619,64.166,,557,,552.3935,15.7665,4.5188,36.1379,174.9,-9.99,0.021,,,-9.99,,,,
10180005,2003.717009,31.619,64.166,,559,,554.3743,15.7456,4.5163,36.134,174.57,-9.99,0.028,,,-9.99,,,,
10180005,2003.717009,31.619,64.166,,561,,556.3551,15.722,4.5135,36.1293,174.14,-9.99,0.034,,,-9.99,,,,
10180005,2003.717009,31.619,64.166,,563,,558.3359,15.703,4.5113,36.1259,173.98,-9.99,0.034,,,-9.99,,,,
10180005,2003.717009,31.619,64.166,,565,,560.3166,15.6824,4.5087,36.1211,173.92,-9.99,0.028,,,-9.99,,,,
10180005,2003.717009,31.619,64.166,,567,,562.2973,15.604,4.4995,36.1085,174.06,-9.99,0.028,,,-9.99,,,,
10180005,2003.717009,31.619,64.166,,569,,564.278,15.5595,4.4944,36.1024,174.23,-9.99,0.024,,,-9.99,,,,
10180005,2003.717009,31.619,64.166,,571,,566.2587,15.5472,4.493,36.1004,174.82,-9.99,0.021,,,-9.99,,,,
10180005,2003.717009,31.619,64.166,,573,,568.2394,15.5279,4.4908,36.0972,175.55,-9.99,0.02,,,-9.99,,,,
10180005,2003.717009,31.619,64.166,,575,,570.22,15.5036,4.4879,36.0925,176.21,-9.99,0.017,,,-9.99,,,,
10180005,2003.717009,31.619,64.166,,577,,572.2006,15.4513,4.4819,36.0854,176.94,-9.99,0.022,,,-9.99,,,,
10180005,2003.717009,31.619,64.166,,579,,574.1812,15.4017,4.4763,36.0792,177.77,-9.99,0.027,,,-9.99,,,,
10180005,2003.717009,31.619,64.166,,581,,576.1618,15.3853,4.4744,36.0762,178.58,-9.99,0.022,,,-9.99,,,,
10180005,2003.717009,31.619,64.166,,583,,578.1424,15.3691,4.4726,36.0743,179.14,-9.99,0.021,,,-9.99,,,,
10180005,2003.717009,31.619,64.166,,585,,580.1229,15.3413,4.4695,36.0708,179.8,-9.99,0.02,,,-9.99,,,,
10180005,2003.717009,31.619,64.166,,587,,582.1035,15.325,4.4677,36.0684,179.81,-9.99,0.02,,,-9.99,,,,
10180005,2003.717009,31.619,64.166,,589,,584.084,15.3035,4.4652,36.0647,179.63,-9.99,0.019,,,-9.99,,,,
10180005,2003.717009,31.619,64.166,,591,,586.0645,15.2834,4.4628,36.0611,179.38,-9.99,0.019,,,-9.99,,,,
10180005,2003.717009,31.619,64.166,,593,,588.0449,15.2658,4.4608,36.058,179.41,-9.99,0.021,,,-9.99,,,,
10180005,2003.717009,31.619,64.166,,595,,590.0254,15.2531,4.4593,36.0556,179.41,-9.99,0.019,,,-9.99,,,,
10180005,2003.717009,31.619,64.166,,597,,592.0058,15.241,4.458,36.0533,179.2,-9.99,0.016,,,-9.99,,,,
10180005,2003.717009,31.619,64.166,,599,,593.9862,15.2194,4.4554,36.0491,178.88,-9.99,0.023,,,-9.99,,,,
10180005,2003.717009,31.619,64.166,,601,,595.9666,15.1904,4.4519,36.0436,178.5,-9.99,0.023,,,-9.99,,,,
10180005,2003.717009,31.619,64.166,,603,,597.947,15.1737,4.45,36.0406,177.56,-9.99,0.024,,,-9.99,,,,
10180005,2003.717009,31.619,64.166,,605,,599.9274,15.1605,4.4484,36.0369,176.72,-9.99,0.023,,,-9.99,,,,
10180005,2003.717009,31.619,64.166,,607,,601.9077,15.1149,4.4429,36.0283,176.18,-9.99,0.026,,,-9.99,,,,
10180005,2003.717009,31.619,64.166,,609,,603.888,15.08,4.4388,36.0224,175.68,-9.99,0.027,,,-9.99,,,,
10180005,2003.717009,31.619,64.166,,611,,605.8683,15.0478,4.4351,36.0172,174.69,-9.99,0.021,,,-9.99,,,,
10180005,2003.717009,31.619,64.166,,613,,607.8486,15.0214,4.432,36.0127,173.21,-9.99,0.019,,,-9.99,,,,
10180005,2003.717009,31.619,64.166,,615,,609.8289,14.9728,4.426,36.0019,171.51,-9.99,0.025,,,-9.99,,,,
10180005,2003.717009,31.619,64.166,,617,,611.8091,14.8543,4.412,35.9813,170.87,-9.99,0.023,,,-9.99,,,,
10180005,2003.717009,31.619,64.166,,619,,613.7894,14.817,4.4076,35.9753,170.4,-9.99,0.029,,,-9.99,,,,
10180005,2003.717009,31.619,64.166,,621,,615.7696,14.8043,4.4063,35.9739,169.82,-9.99,0.023,,,-9.99,,,,
10180005,2003.717009,31.619,64.166,,623,,617.7497,14.7832,4.4038,35.9692,169.28,-9.99,0.028,,,-9.99,,,,
10180005,2003.717009,31.619,64.166,,625,,619.7299,14.7473,4.3995,35.9628,169.05,-9.99,0.028,,,-9.99,,,,
10180005,2003.717009,31.619,64.166,,627,,621.7101,14.7166,4.396,35.9574,168.77,-9.99,0.027,,,-9.99,,,,
10180005,2003.717009,31.619,64.166,,629,,623.6902,14.6903,4.393,35.9533,167.3,-9.99,0.024,,,-9.99,,,,
10180005,2003.717009,31.619,64.166,,631,,625.6703,14.6776,4.3915,35.9511,165.6,-9.99,0.02,,,-9.99,,,,
10180005,2003.717009,31.619,64.166,,633,,627.6504,14.6587,4.3892,35.9461,164.92,-9.99,0.024,,,-9.99,,,,
10180005,2003.717009,31.619,64.166,,635,,629.6305,14.5621,4.3777,35.9287,164.19,-9.99,0.03,,,-9.99,,,,
10180005,2003.717009,31.619,64.166,,637,,631.6105,14.5135,4.3723,35.9232,163.44,-9.99,0.026,,,-9.99,,,,
10180005,2003.717009,31.619,64.166,,639,,633.5906,14.4975,4.3703,35.9191,162.91,-9.99,0.023,,,-9.99,,,,
10180005,2003.717009,31.619,64.166,,641,,635.5706,14.4689,4.367,35.9134,161.99,-9.99,0.021,,,-9.99,,,,
10180005,2003.717009,31.619,64.166,,643,,637.5506,14.4156,4.3606,35.9028,160.68,-9.99,0.018,,,-9.99,,,,
10180005,2003.717009,31.619,64.166,,645,,639.5306,14.3176,4.3488,35.8842,160.83,-9.99,0.024,,,-9.99,,,,
10180005,2003.717009,31.619,64.166,,647,,641.5105,14.2446,4.3406,35.8748,160.81,-9.99,0.022,,,-9.99,,,,
10180005,2003.717009,31.619,64.166,,649,,643.4905,14.2125,4.3371,35.8714,160.72,-9.99,0.021,,,-9.99,,,,
10180005,2003.717009,31.619,64.166,,651,,645.4704,14.1934,4.335,35.8681,160.65,-9.99,0.024,,,-9.99,,,,
10180005,2003.717009,31.619,64.166,,653,,647.4503,14.1531,4.3303,35.8614,160.59,-9.99,0.026,,,-9.99,,,,
10180005,2003.717009,31.619,64.166,,655,,649.4302,14.1,4.3242,35.8529,160.43,-9.99,0.029,,,-9.99,,,,
10180005,2003.717009,31.619,64.166,,657,,651.4101,14.0738,4.3212,35.8482,160.19,-9.99,0.031,,,-9.99,,,,
10180005,2003.717009,31.619,64.166,,659,,653.3899,14.0308,4.3162,35.8413,159.97,-9.99,0.028,,,-9.99,,,,
10180005,2003.717009,31.619,64.166,,661,,655.3697,13.9927,4.3119,35.8356,159.94,-9.99,0.032,,,-9.99,,,,
10180005,2003.717009,31.619,64.166,,663,,657.3495,13.9564,4.3078,35.8305,159.89,-9.99,0.028,,,-9.99,,,,
10180005,2003.717009,31.619,64.166,,665,,659.3293,13.9145,4.3031,35.8243,159.78,-9.99,0.025,,,-9.99,,,,
10180005,2003.717009,31.619,64.166,,667,,661.3091,13.878,4.299,35.8189,159.67,-9.99,0.025,,,-9.99,,,,
10180005,2003.717009,31.619,64.166,,669,,663.2889,13.8612,4.2971,35.8165,159.55,-9.99,0.027,,,-9.99,,,,
10180005,2003.717009,31.619,64.166,,671,,665.2686,13.8469,4.2955,35.8138,159.33,-9.99,0.027,,,-9.99,,,,
10180005,2003.717009,31.619,64.166,,673,,667.2483,13.7924,4.2892,35.8052,159.02,-9.99,0.03,,,-9.99,,,,
10180005,2003.717009,31.619,64.166,,675,,669.228,13.741,4.2832,35.7955,159.01,-9.99,0.032,,,-9.99,,,,
10180005,2003.717009,31.619,64.166,,677,,671.2077,13.6809,4.2764,35.787,159.07,-9.99,0.029,,,-9.99,,,,
10180005,2003.717009,31.619,64.166,,679,,673.1873,13.6679,4.275,35.7851,158.87,-9.99,0.02,,,-9.99,,,,
10180005,2003.717009,31.619,64.166,,681,,675.167,13.6342,4.271,35.7784,158.81,-9.99,0.02,,,-9.99,,,,
10180005,2003.717009,31.619,64.166,,683,,677.1466,13.5542,4.2621,35.768,159.13,-9.99,0.023,,,-9.99,,,,
10180005,2003.717009,31.619,64.166,,685,,679.1262,13.518,4.2582,35.7642,159.23,-9.99,0.023,,,-9.99,,,,
10180005,2003.717009,31.619,64.166,,687,,681.1058,13.4926,4.2552,35.7594,159.1,-9.99,0.017,,,-9.99,,,,
10180005,2003.717009,31.619,64.166,,689,,683.0854,13.4381,4.249,35.7507,158.84,-9.99,0.012,,,-9.99,,,,
10180005,2003.717009,31.619,64.166,,691,,685.0649,13.3911,4.2437,35.7433,158.39,-9.99,0.025,,,-9.99,,,,
10180005,2003.717009,31.619,64.166,,693,,687.0444,13.32,4.2356,35.7323,158.15,-9.99,0.021,,,-9.99,,,,
10180005,2003.717009,31.619,64.166,,695,,689.0239,13.2432,4.2269,35.7212,158.16,-9.99,0.026,,,-9.99,,,,
10180005,2003.717009,31.619,64.166,,697,,691.0034,13.2186,4.2242,35.7182,158.06,-9.99,0.024,,,-9.99,,,,
10180005,2003.717009,31.619,64.166,,699,,692.9829,13.1794,4.2197,35.7113,158.1,-9.99,0.022,,,-9.99,,,,
10180005,2003.717009,31.619,64.166,,701,,694.9623,13.1428,4.2158,35.7073,157.9,-9.99,0.024,,,-9.99,,,,
10180005,2003.717009,31.619,64.166,,703,,696.9418,13.1217,4.2135,35.7044,157.13,-9.99,0.024,,,-9.99,,,,
10180005,2003.717009,31.619,64.166,,705,,698.9212,13.1057,4.2114,35.699,156.64,-9.99,0.024,,,-9.99,,,,
10180005,2003.717009,31.619,64.166,,707,,700.9006,12.9873,4.198,35.6814,156.44,-9.99,0.026,,,-9.99,,,,
10180005,2003.717009,31.619,64.166,,709,,702.88,12.9612,4.1954,35.6807,155.93,-9.99,0.038,,,-9.99,,,,
10180005,2003.717009,31.619,64.166,,711,,704.8593,12.9416,4.1931,35.6762,155.69,-9.99,0.042,,,-9.99,,,,
10180005,2003.717009,31.619,64.166,,713,,706.8387,12.8785,4.1856,35.663,155.7,-9.99,0.038,,,-9.99,,,,
10180005,2003.717009,31.619,64.166,,715,,708.818,12.7441,4.1703,35.6418,155.79,-9.99,0.028,,,-9.99,,,,
10180005,2003.717009,31.619,64.166,,717,,710.7973,12.701,4.1654,35.6347,153.35,-9.99,0.023,,,-9.99,,,,
10180005,2003.717009,31.619,64.166,,719,,712.7766,12.595,4.154,35.6241,153.28,-9.99,0.03,,,-9.99,,,,
10180005,2003.717009,31.619,64.166,,721,,714.7558,12.5213,4.1458,35.6137,153.21,-9.99,0.029,,,-9.99,,,,
10180005,2003.717009,31.619,64.166,,723,,716.7351,12.4564,4.1387,35.6059,153.02,-9.99,0.026,,,-9.99,,,,
10180005,2003.717009,31.619,64.166,,725,,718.7143,12.3959,4.1321,35.5985,152.79,-9.99,0.028,,,-9.99,,,,
10180005,2003.717009,31.619,64.166,,727,,720.6935,12.3553,4.1277,35.5939,152.43,-9.99,0.032,,,-9.99,,,,
10180005,2003.717009,31.619,64.166,,729,,722.6727,12.3388,4.126,35.592,152.03,-9.99,0.034,,,-9.99,,,,
10180005,2003.717009,31.619,64.166,,731,,724.6519,12.3284,4.1249,35.5901,151.72,-9.99,0.027,,,-9.99,,,,
10180005,2003.717009,31.619,64.166,,733,,726.631,12.2631,4.1175,35.5793,151.63,-9.99,0.027,,,-9.99,,,,
10180005,2003.717009,31.619,64.166,,735,,728.6101,12.2248,4.1134,35.5757,150.89,-9.99,0.031,,,-9.99,,,,
10180005,2003.717009,31.619,64.166,,737,,730.5892,12.1658,4.1066,35.5645,150.17,-9.99,0.034,,,-9.99,,,,
10180005,2003.717009,31.619,64.166,,739,,732.5683,12.028,4.0914,35.5468,150.09,-9.99,0.027,,,-9.99,,,,
10180005,2003.717009,31.619,64.166,,741,,734.5474,11.9571,4.0837,35.5383,149.87,-9.99,0.026,,,-9.99,,,,
10180005,2003.717009,31.619,64.166,,743,,736.5265,11.876,4.0747,35.5265,149.75,-9.99,0.03,,,-9.99,,,,
10180005,2003.717009,31.619,64.166,,745,,738.5055,11.825,4.0694,35.5225,149.84,-9.99,0.027,,,-9.99,,,,
10180005,2003.717009,31.619,64.166,,747,,740.4845,11.763,4.0625,35.5129,149.98,-9.99,0.022,,,-9.99,,,,
10180005,2003.717009,31.619,64.166,,749,,742.4635,11.7515,4.0614,35.5121,149.24,-9.99,0.028,,,-9.99,,,,
10180005,2003.717009,31.619,64.166,,751,,744.4425,11.7367,4.06,35.5118,148.74,-9.99,0.026,,,-9.99,,,,
10180005,2003.717009,31.619,64.166,,753,,746.4215,11.691,4.0548,35.5035,148.72,-9.99,0.022,,,-9.99,,,,
10180005,2003.717009,31.619,64.166,,755,,748.4004,11.6457,4.0499,35.4974,148.89,-9.99,0.013,,,-9.99,,,,
10180005,2003.717009,31.619,64.166,,757,,750.3793,11.6063,4.0457,35.4928,149.09,-9.99,0.017,,,-9.99,,,,
10180005,2003.717009,31.619,64.166,,759,,752.3582,11.5619,4.041,35.488,149.1,-9.99,0.025,,,-9.99,,,,
10180005,2003.717009,31.619,64.166,,761,,754.3371,11.5221,4.0363,35.4789,148.63,-9.99,0.028,,,-9.99,,,,
10180005,2003.717009,31.619,64.166,,763,,756.316,11.4495,4.0286,35.4717,148.02,-9.99,0.02,,,-9.99,,,,
10180005,2003.717009,31.619,64.166,,765,,758.2948,11.4018,4.0237,35.4678,147.98,-9.99,0.028,,,-9.99,,,,
10180005,2003.717009,31.619,64.166,,767,,760.2737,11.3434,4.0173,35.4596,147.78,-9.99,0.029,,,-9.99,,,,
10180005,2003.717009,31.619,64.166,,769,,762.2525,11.2947,4.0123,35.4553,147.27,-9.99,0.027,,,-9.99,,,,
10180005,2003.717009,31.619,64.166,,771,,764.2313,11.2714,4.0097,35.4516,146.81,-9.99,0.03,,,-9.99,,,,
10180005,2003.717009,31.619,64.166,,773,,766.21,11.1527,3.9965,35.4334,146.89,-9.99,0.028,,,-9.99,,,,
10180005,2003.717009,31.619,64.166,,775,,768.1888,11.1136,3.9927,35.4325,146.51,-9.99,0.027,,,-9.99,,,,
10180005,2003.717009,31.619,64.166,,777,,770.1675,11.0828,3.9894,35.4285,146.44,-9.99,0.026,,,-9.99,,,,
10180005,2003.717009,31.619,64.166,,779,,772.1462,11.0455,3.9854,35.4237,146.39,-9.99,0.025,,,-9.99,,,,
10180005,2003.717009,31.619,64.166,,781,,774.1249,11.0122,3.9819,35.4191,146.45,-9.99,0.028,,,-9.99,,,,
10180005,2003.717009,31.619,64.166,,783,,776.1036,10.9711,3.9774,35.4131,146.49,-9.99,0.03,,,-9.99,,,,
10180005,2003.717009,31.619,64.166,,785,,778.0823,10.9231,3.9722,35.407,146.47,-9.99,0.028,,,-9.99,,,,
10180005,2003.717009,31.619,64.166,,787,,780.0609,10.8961,3.9695,35.4045,146.24,-9.99,0.027,,,-9.99,,,,
10180005,2003.717009,31.619,64.166,,789,,782.0395,10.8476,3.9645,35.4006,146.23,-9.99,0.029,,,-9.99,,,,
10180005,2003.717009,31.619,64.166,,791,,784.0181,10.8342,3.9633,35.4003,146.18,-9.99,0.033,,,-9.99,,,,
10180005,2003.717009,31.619,64.166,,793,,785.9967,10.7755,3.957,35.3926,146.3,-9.99,0.027,,,-9.99,,,,
10180005,2003.717009,31.619,64.166,,795,,787.9753,10.7007,3.949,35.3837,146.51,-9.99,0.016,,,-9.99,,,,
10180005,2003.717009,31.619,64.166,,797,,789.9538,10.6553,3.9442,35.3789,146.61,-9.99,0.018,,,-9.99,,,,
10180005,2003.717009,31.619,64.166,,799,,791.9324,10.6304,3.9417,35.3768,146.48,-9.99,0.026,,,-9.99,,,,
10180005,2003.717009,31.619,64.166,,801,,793.9109,10.5989,3.9383,35.3716,146.34,-9.99,0.029,,,-9.99,,,,
10180005,2003.717009,31.619,64.166,,803,,795.8894,10.5312,3.9311,35.3643,146.56,-9.99,0.026,,,-9.99,,,,
10180005,2003.717009,31.619,64.166,,805,,797.8678,10.4865,3.9263,35.3583,146.69,-9.99,0.027,,,-9.99,,,,
10180005,2003.717009,31.619,64.166,,807,,799.8463,10.4357,3.921,35.3529,146.75,-9.99,0.028,,,-9.99,,,,
10180005,2003.717009,31.619,64.166,,809,,801.8247,10.4198,3.9196,35.3527,146.66,-9.99,0.03,,,-9.99,,,,
10180005,2003.717009,31.619,64.166,,811,,803.8031,10.4157,3.9193,35.3528,146.59,-9.99,0.025,,,-9.99,,,,
10180005,2003.717009,31.619,64.166,,813,,805.7815,10.392,3.9167,35.3485,146.61,-9.99,0.029,,,-9.99,,,,
10180005,2003.717009,31.619,64.166,,815,,807.7599,10.3329,3.9105,35.3428,146.45,-9.99,0.014,,,-9.99,,,,
10180005,2003.717009,31.619,64.166,,817,,809.7383,10.301,3.907,35.3371,146.32,-9.99,0.023,,,-9.99,,,,
10180005,2003.717009,31.619,64.166,,819,,811.7166,10.2577,3.9026,35.3337,146.25,-9.99,0.035,,,-9.99,,,,
10180005,2003.717009,31.619,64.166,,821,,813.6949,10.2232,3.8989,35.3283,146.18,-9.99,0.021,,,-9.99,,,,
10180005,2003.717009,31.619,64.166,,823,,815.6732,10.0894,3.8845,35.3115,146.67,-9.99,0.028,,,-9.99,,,,
10180005,2003.717009,31.619,64.166,,825,,817.6515,,9.9943,3.8745,35.3011,147.01,-9.99,0.027,,,-9.99,,,
10180005,2003.717009,31.619,64.166,,827,,819.6298,,9.9292,3.8679,35.2954,147.22,-9.99,0.031,,,-9.99,,,
10180005,2003.717009,31.619,64.166,,829,,821.608,,9.9116,3.8662,35.295,147.33,-9.99,0.027,,,-9.99,,,
10180005,2003.717009,31.619,64.166,,831,,823.5862,,9.8607,3.8607,35.2874,147.52,-9.99,0.023,,,-9.99,,,
10180005,2003.717009,31.619,64.166,,833,,825.5644,,9.8228,3.8568,35.2837,147.58,-9.99,0.033,,,-9.99,,,
10180005,2003.717009,31.619,64.166,,835,,827.5426,,9.778,3.8523,35.2799,147.76,-9.99,0.039,,,-9.99,,,
10180005,2003.717009,31.619,64.166,,837,,829.5208,,9.7356,3.8479,35.2756,147.94,-9.99,0.043,,,-9.99,,,
10180005,2003.717009,31.619,64.166,,839,,831.499,,9.7047,3.8448,35.2723,148.07,-9.99,0.034,,,-9.99,,,
10180005,2003.717009,31.619,64.166,,841,,833.4771,,9.6775,3.8421,35.2703,148.15,-9.99,0.027,,,-9.99,,,
10180005,2003.717009,31.619,64.166,,843,,835.4552,,9.6653,3.8409,35.2691,147.99,-9.99,0.026,,,-9.99,,,
10180005,2003.717009,31.619,64.166,,845,,837.4333,,9.6457,3.8389,35.2667,147.8,-9.99,0.025,,,-9.99,,,
10180005,2003.717009,31.619,64.166,,847,,839.4114,,9.573,3.8312,35.2578,147.88,-9.99,0.026,,,-9.99,,,
10180005,2003.717009,31.619,64.166,,849,,841.3894,,9.4855,3.8222,35.2498,148.3,-9.99,0.026,,,-9.99,,,
10180005,2003.717009,31.619,64.166,,851,,843.3675,,9.4135,3.8147,35.2418,148.7,-9.99,0.03,,,-9.99,,,
10180005,2003.717009,31.619,64.166,,853,,845.3455,,9.3628,3.8098,35.2397,148.8,-9.99,0.027,,,-9.99,,,
10180005,2003.717009,31.619,64.166,,855,,847.3235,,9.3545,3.8091,35.2398,148.98,-9.99,0.028,,,-9.99,,,
10180005,2003.717009,31.619,64.166,,857,,849.3015,,9.3179,3.8054,35.2367,149.43,-9.99,0.028,,,-9.99,,,
10180005,2003.717009,31.619,64.166,,859,,851.2794,,9.2732,3.8012,35.2355,149.74,-9.99,0.03,,,-9.99,,,
10180005,2003.717009,31.619,64.166,,861,,853.2574,,9.2698,3.801,35.2358,150.14,-9.99,0.026,,,-9.99,,,
10180005,2003.717009,31.619,64.166,,863,,855.2353,,9.2544,3.7995,35.2352,150.53,-9.99,0.036,,,-9.99,,,
10180005,2003.717009,31.619,64.166,,865,,857.2132,,9.2327,3.7974,35.2333,150.65,-9.99,0.036,,,-9.99,,,
10180005,2003.717009,31.619,64.166,,867,,859.1911,,9.1898,3.7928,35.227,150.77,-9.99,0.033,,,-9.99,,,
10180005,2003.717009,31.619,64.166,,869,,861.169,,9.1478,3.7884,35.2219,150.97,-9.99,0.03,,,-9.99,,,
10180005,2003.717009,31.619,64.166,,871,,863.1468,,9.0857,3.7823,35.2185,151.28,-9.99,0.032,,,-9.99,,,
10180005,2003.717009,31.619,64.166,,873,,865.1247,,9.0226,3.776,35.2135,151.73,-9.99,0.03,,,-9.99,,,
10180005,2003.717009,31.619,64.166,,875,,867.1025,,8.9881,3.7724,35.2095,152.26,-9.99,0.024,,,-9.99,,,
10180005,2003.717009,31.619,64.166,,877,,869.0803,,8.946,3.7681,35.2049,152.66,-9.99,0.025,,,-9.99,,,
10180005,2003.717009,31.619,64.166,,879,,871.058,,8.9057,3.7642,35.2023,152.81,-9.99,0.028,,,-9.99,,,
10180005,2003.717009,31.619,64.166,,881,,873.0358,,8.8798,3.7616,35.2005,152.79,-9.99,0.025,,,-9.99,,,
10180005,2003.717009,31.619,64.166,,883,,875.0135,,8.875,3.7611,35.1988,153.85,-9.99,0.014,,,-9.99,,,
10180005,2003.717009,31.619,64.166,,885,,876.9913,,8.7648,3.7501,35.1915,154.42,-9.99,0.028,,,-9.99,,,
10180005,2003.717009,31.619,64.166,,887,,878.969,,8.74,3.748,35.1928,154.7,-9.99,0.031,,,-9.99,,,
10180005,2003.717009,31.619,64.166,,889,,880.9466,,8.726,3.7466,35.1914,155.02,-9.99,0.024,,,-9.99,,,
10180005,2003.717009,31.619,64.166,,891,,882.9243,,8.6987,3.744,35.1902,155.38,-9.99,0.021,,,-9.99,,,
10180005,2003.717009,31.619,64.166,,893,,884.9019,,8.6708,3.7413,35.1884,155.63,-9.99,0.028,,,-9.99,,,
10180005,2003.717009,31.619,64.166,,895,,886.8796,,8.6411,3.7383,35.1852,155.9,-9.99,0.029,,,-9.99,,,
10180005,2003.717009,31.619,64.166,,897,,888.8572,,8.5882,3.7331,35.1813,156.25,-9.99,0.022,,,-9.99,,,
10180005,2003.717009,31.619,64.166,,899,,890.8348,,8.5408,3.7282,35.1759,156.56,-9.99,0.021,,,-9.99,,,
10180005,2003.717009,31.619,64.166,,901,,892.8123,,8.4846,3.7224,35.1698,156.99,-9.99,0.02,,,-9.99,,,
10180005,2003.717009,31.619,64.166,,903,,894.7899,,8.4316,3.7169,35.1626,157.43,-9.99,0.02,,,-9.99,,,
10180005,2003.717009,31.619,64.166,,905,,896.7674,,8.3726,3.7112,35.1597,157.88,-9.99,0.019,,,-9.99,,,
10180005,2003.717009,31.619,64.166,,907,,898.7449,,8.3378,3.708,35.1595,158.26,-9.99,0.022,,,-9.99,,,
10180005,2003.717009,31.619,64.166,,909,,900.7224,,8.3067,3.7049,35.1571,159.4,-9.99,0.024,,,-9.99,,,
10180005,2003.717009,31.619,64.166,,911,,902.6999,,8.2601,3.7003,35.1538,160.18,-9.99,0.02,,,-9.99,,,
10180005,2003.717009,31.619,64.166,,913,,904.6774,,8.1841,3.6929,35.149,160.81,-9.99,0.018,,,-9.99,,,
10180005,2003.717009,31.619,64.166,,915,,906.6548,,8.1311,3.6879,35.1482,161.74,-9.99,0.019,,,-9.99,,,
10180005,2003.717009,31.619,64.166,,917,,908.6322,,8.0999,3.685,35.1475,162.78,-9.99,0.026,,,-9.99,,,
10180005,2003.717009,31.619,64.166,,919,,910.6096,,8.0367,3.6792,35.1473,163.28,-9.99,0.03,,,-9.99,,,
10180005,2003.717009,31.619,64.166,,921,,912.587,,8.0019,3.6762,35.1487,163.62,-9.99,0.03,,,-9.99,,,
10180005,2003.717009,31.619,64.166,,923,,914.5644,,7.9802,3.6741,35.147,164.32,-9.99,0.029,,,-9.99,,,
10180005,2003.717009,31.619,64.166,,925,,916.5417,,7.9425,3.6705,35.1456,165.18,-9.99,0.027,,,-9.99,,,
10180005,2003.717009,31.619,64.166,,927,,918.519,,7.9024,3.6668,35.1448,165.9,-9.99,0.03,,,-9.99,,,
10180005,2003.717009,31.619,64.166,,929,,920.4963,,7.85,3.6618,35.1434,166.65,-9.99,0.034,,,-9.99,,,
10180005,2003.717009,31.619,64.166,,931,,922.4736,,7.8036,3.6575,35.1423,167.22,-9.99,0.028,,,-9.99,,,
10180005,2003.717009,31.619,64.166,,933,,924.4509,,7.7668,3.654,35.1411,167.68,-9.99,0.02,,,-9.99,,,
10180005,2003.717009,31.619,64.166,,935,,926.4281,,7.7667,3.6542,35.1415,167.9,-9.99,0.02,,,-9.99,,,
10180005,2003.717009,31.619,64.166,,937,,928.4054,,7.7645,3.6541,35.1421,168.67,-9.99,0.023,,,-9.99,,,
10180005,2003.717009,31.619,64.166,,939,,930.3826,,7.7409,3.6517,35.1387,168.89,-9.99,0.024,,,-9.99,,,
10180005,2003.717009,31.619,64.166,,941,,932.3598,,7.6752,3.6453,35.1349,169.37,-9.99,0.016,,,-9.99,,,
10180005,2003.717009,31.619,64.166,,943,,934.337,,7.6417,3.6423,35.1357,169.77,-9.99,0.015,,,-9.99,,,
10180005,2003.717009,31.619,64.166,,945,,936.3141,,7.6175,3.64,35.1335,170.25,-9.99,0.028,,,-9.99,,,
10180005,2003.717009,31.619,64.166,,947,,938.2913,,7.5968,3.638,35.1322,170.8,-9.99,0.037,,,-9.99,,,
10180005,2003.717009,31.619,64.166,,949,,940.2684,,7.5803,3.6365,35.1313,171.35,-9.99,0.04,,,-9.99,,,
10180005,2003.717009,31.619,64.166,,951,,942.2455,,7.4988,3.6285,35.126,172.1,-9.99,0.022,,,-9.99,,,
10180005,2003.717009,31.619,64.166,,953,,944.2226,,7.4631,3.6254,35.1269,172.55,-9.99,0.023,,,-9.99,,,
10180005,2003.717009,31.619,64.166,,955,,946.1996,,7.4495,3.6241,35.1263,172.93,-9.99,0.035,,,-9.99,,,
10180005,2003.717009,31.619,64.166,,957,,948.1767,,7.4303,3.6223,35.1253,173.31,-9.99,0.039,,,-9.99,,,
10180005,2003.717009,31.619,64.166,,959,,950.1537,,7.3971,3.6192,35.1239,173.91,-9.99,0.029,,,-9.99,,,
10180005,2003.717009,31.619,64.166,,961,,952.1307,,7.3567,3.6155,35.1233,174.51,-9.99,0.024,,,-9.99,,,
10180005,2003.717009,31.619,64.166,,963,,954.1077,,7.3394,3.6139,35.1221,174.76,-9.99,0.021,,,-9.99,,,
10180005,2003.717009,31.619,64.166,,965,,956.0847,,7.309,3.6111,35.1222,175.45,-9.99,0.023,,,-9.99,,,
10180005,2003.717009,31.619,64.166,,967,,958.0616,,7.2763,3.6082,35.1218,176.23,-9.99,0.03,,,-9.99,,,
10180005,2003.717009,31.619,64.166,,969,,960.0385,,7.2581,3.6065,35.1212,176.43,-9.99,0.036,,,-9.99,,,
10180005,2003.717009,31.619,64.166,,971,,962.0154,,7.2206,3.603,35.1197,176.81,-9.99,0.024,,,-9.99,,,
10180005,2003.717009,31.619,64.166,,973,,963.9923,,7.1871,3.5999,35.1192,177.69,-9.99,0.025,,,-9.99,,,
10180005,2003.717009,31.619,64.166,,975,,965.9692,,7.1276,3.5943,35.1171,178.86,-9.99,0.03,,,-9.99,,,
10180005,2003.717009,31.619,64.166,,977,,967.9461,,7.0907,3.5909,35.1168,179.65,-9.99,0.027,,,-9.99,,,
10180005,2003.717009,31.619,64.166,,979,,969.9229,,7.0739,3.5894,35.1164,180.36,-9.99,0.028,,,-9.99,,,
10180005,2003.717009,31.619,64.166,,981,,971.8997,,7.0569,3.5877,35.1139,180.84,-9.99,0.034,,,-9.99,,,
10180005,2003.717009,31.619,64.166,,983,,973.8765,,7.0215,3.5842,35.1102,181.5,-9.99,0.037,,,-9.99,,,
10180005,2003.717009,31.619,64.166,,985,,975.8533,,6.9798,3.5802,35.1079,182.57,-9.99,0.027,,,-9.99,,,
10180005,2003.717009,31.619,64.166,,987,,977.8301,,6.9442,3.577,35.1078,183.2,-9.99,0.026,,,-9.99,,,
10180005,2003.717009,31.619,64.166,,989,,979.8068,,6.9099,3.5739,35.1076,183.8,-9.99,0.026,,,-9.99,,,
10180005,2003.717009,31.619,64.166,,991,,981.7835,,6.8722,3.5705,35.1074,184.51,-9.99,0.026,,,-9.99,,,
10180005,2003.717009,31.619,64.166,,993,,983.7603,,6.8572,3.5692,35.107,185.08,-9.99,0.02,,,-9.99,,,
10180005,2003.717009,31.619,64.166,,995,,985.7369,,6.8319,3.5667,35.1051,185.6,-9.99,0.022,,,-9.99,,,
10180005,2003.717009,31.619,64.166,,997,,987.7136,,6.8039,3.5641,35.1034,186,-9.99,0.022,,,-9.99,,,
10180005,2003.717009,31.619,64.166,,999,,989.6903,,6.7859,3.5624,35.1024,186.57,-9.99,0.023,,,-9.99,,,
10180005,2003.717009,31.619,64.166,1001,,991.6669,,6.7712,3.5611,35.1014,187.13,-9.99,0.023,,,-9.99,,,,
10180005,2003.717009,31.619,64.166,1003,,993.6435,,6.7388,3.558,35.0996,187.95,-9.99,0.023,,,-9.99,,,,
10180005,2003.717009,31.619,64.166,1005,,995.6201,,6.6933,3.5535,35.0954,188.75,-9.99,0.017,,,-9.99,,,,
10180005,2003.717009,31.619,64.166,1007,,997.5967,,6.6566,3.5502,35.0947,189.73,-9.99,0.031,,,-9.99,,,,
10180005,2003.717009,31.619,64.166,1009,,999.5732,,6.6364,3.5483,35.0943,190.57,-9.99,0.029,,,-9.99,,,,
10180005,2003.717009,31.619,64.166,1011,1001.5498,,6.6268,3.5478,35.0968,191.13,-9.99,0.02,,,-9.99,,,,,
10180005,2003.717009,31.619,64.166,1013,1003.5263,,6.6264,3.5482,35.1015,191.43,-9.99,0.013,,,-9.99,,,,,
10180005,2003.717009,31.619,64.166,1015,1005.5028,,6.6284,3.5488,35.1046,192.03,-9.99,0.016,,,-9.99,,,,,
10180006,2003.718611,31.66,64.166,,,,6,,,,5.9583,26.4312,5.6453,36.3611,210.64,-9.99,0.054,,,-9.99
10180006,2003.718611,31.66,64.166,,,,8,,,,7.9443,26.4385,5.6467,36.3649,210.59,-9.99,0.049,,,-9.99
10180006,2003.718611,31.66,64.166,,,10,,,,9.9304,26.4403,5.6473,36.3672,210.61,-9.99,0.045,,,-9.99,
10180006,2003.718611,31.66,64.166,,,12,,,11.9164,26.4406,5.6474,36.3667,210.7,-9.99,0.045,,,-9.99,,
10180006,2003.718611,31.66,64.166,,,14,,,13.9024,26.4437,5.6485,36.3717,210.83,-9.99,0.052,,,-9.99,,
10180006,2003.718611,31.66,64.166,,,16,,,15.8884,26.4489,5.6502,36.3792,210.63,-9.99,0.052,,,-9.99,,
10180006,2003.718611,31.66,64.166,,,18,,,17.8743,26.4474,5.6502,36.3799,210.45,-9.99,0.051,,,-9.99,,
10180006,2003.718611,31.66,64.166,,,20,,,19.8603,26.4446,5.6501,36.3806,210.79,-9.99,0.052,,,-9.99,,
10180006,2003.718611,31.66,64.166,,,22,,,21.8462,26.4242,5.6476,36.3785,211.24,-9.99,0.043,,,-9.99,,
10180006,2003.718611,31.66,64.166,,,24,,,23.8321,26.3693,5.6407,36.371,211.18,-9.99,0.051,,,-9.99,,
10180006,2003.718611,31.66,64.166,,,26,,,25.818,26.2869,5.6308,36.3632,211.4,-9.99,0.048,,,-9.99,,
10180006,2003.718611,31.66,64.166,,,28,,,27.8038,26.1393,5.6158,36.3703,212.75,-9.99,0.056,,,-9.99,,
10180006,2003.718611,31.66,64.166,,,30,,,29.7897,25.9726,5.6,36.3862,213.47,-9.99,0.068,,,-9.99,,
10180006,2003.718611,31.66,64.166,,,32,,,31.7755,25.6692,5.5712,36.4161,214.3,-9.99,0.056,,,-9.99,,
10180006,2003.718611,31.66,64.166,,,34,,,33.7613,25.3801,5.5428,36.437,214.81,-9.99,0.058,,,-9.99,,
10180006,2003.718611,31.66,64.166,,,36,,,35.7471,25.3778,5.543,36.4401,214.85,-9.99,0.046,,,-9.99,,
10180006,2003.718611,31.66,64.166,,,38,,,37.7329,25.3272,5.5385,36.4463,215.18,-9.99,0.053,,,-9.99,,
10180006,2003.718611,31.66,64.166,,,40,,,39.7186,25.2654,5.5323,36.4497,215.51,-9.99,0.059,,,-9.99,,
10180006,2003.718611,31.66,64.166,,,42,,,41.7044,25.1016,5.5163,36.4619,215.64,-9.99,0.065,,,-9.99,,
10180006,2003.718611,31.66,64.166,,,44,,,43.6901,24.8332,5.4878,36.465,215.12,-9.99,0.064,,,-9.99,,
10180006,2003.718611,31.66,64.166,,,46,,,45.6757,24.4005,5.4422,36.4729,215.35,-9.99,0.068,,,-9.99,,
10180006,2003.718611,31.66,64.166,,,48,,,47.6614,23.9916,5.4012,36.4955,215.69,-9.99,0.077,,,-9.99,,
10180006,2003.718611,31.66,64.166,,,50,,,49.6471,23.7943,5.3817,36.5082,215.94,-9.99,0.082,,,-9.99,,
10180006,2003.718611,31.66,64.166,,,52,,,51.6327,23.6537,5.3681,36.5193,216.07,-9.99,0.086,,,-9.99,,
10180006,2003.718611,31.66,64.166,,,54,,,53.6183,23.5566,5.3591,36.5299,216.2,-9.99,0.089,,,-9.99,,
10180006,2003.718611,31.66,64.166,,,56,,,55.6039,23.4498,5.3488,36.5386,217.19,-9.99,0.092,,,-9.99,,
10180006,2003.718611,31.66,64.166,,,58,,,57.5895,23.2969,5.3337,36.5478,219.15,-9.99,0.097,,,-9.99,,
10180006,2003.718611,31.66,64.166,,,60,,,59.575,22.7969,5.2833,36.5727,218.23,-9.99,0.11,,,-9.99,,
10180006,2003.718611,31.66,64.166,,,62,,,61.5606,22.5483,5.2572,36.5761,220.4,-9.99,0.119,,,-9.99,,
10180006,2003.718611,31.66,64.166,,,64,,,63.5461,22.0316,5.2049,36.5989,218.6,-9.99,0.13,,,-9.99,,
10180006,2003.718611,31.66,64.166,,,66,,,65.5316,21.8504,5.1863,36.6046,219.17,-9.99,0.138,,,-9.99,,
10180006,2003.718611,31.66,64.166,,,68,,,67.5171,21.6706,5.1681,36.6114,218.64,-9.99,0.141,,,-9.99,,
10180006,2003.718611,31.66,64.166,,,70,,,69.5025,21.471,5.1477,36.6177,218.07,-9.99,0.145,,,-9.99,,
10180006,2003.718611,31.66,64.166,,,72,,,71.488,21.2586,5.126,36.6241,217.2,-9.99,0.149,,,-9.99,,
10180006,2003.718611,31.66,64.166,,,74,,,73.4734,21.1568,5.1156,36.6274,217.25,-9.99,0.151,,,-9.99,,
10180006,2003.718611,31.66,64.166,,,76,,,75.4588,21.0199,5.1014,36.6294,216.59,-9.99,0.152,,,-9.99,,
10180006,2003.718611,31.66,64.166,,,78,,,77.4442,20.9161,5.0907,36.6311,214.72,-9.99,0.175,,,-9.99,,
10180006,2003.718611,31.66,64.166,,,80,,,79.4295,20.8119,5.08,36.6339,212.91,-9.99,0.219,,,-9.99,,
10180006,2003.718611,31.66,64.166,,,82,,,81.4149,20.6906,5.0675,36.6363,211.43,-9.99,0.26,,,-9.99,,
10180006,2003.718611,31.66,64.166,,,84,,,83.4002,20.5461,5.0524,36.6372,209.99,-9.99,0.293,,,-9.99,,
10180006,2003.718611,31.66,64.166,,,86,,,85.3855,20.4049,5.0371,36.6335,209.04,-9.99,0.305,,,-9.99,,
10180006,2003.718611,31.66,64.166,,,88,,,87.3708,20.2751,5.0219,36.6209,207.79,-9.99,0.291,,,-9.99,,
10180006,2003.718611,31.66,64.166,,,90,,,89.3561,20.1535,5.009,36.6203,206.58,-9.99,0.275,,,-9.99,,
10180006,2003.718611,31.66,64.166,,,92,,,91.3413,20.0953,5.0037,36.6262,206.18,-9.99,0.248,,,-9.99,,
10180006,2003.718611,31.66,64.166,,,94,,,93.3265,20.0471,4.9995,36.6327,205.71,-9.99,0.25,,,-9.99,,
10180006,2003.718611,31.66,64.166,,,96,,,95.3117,20.0312,4.9982,36.635,205.75,-9.99,0.238,,,-9.99,,
10180006,2003.718611,31.66,64.166,,,98,,,97.2969,20.0058,4.9953,36.6325,206.33,-9.99,0.219,,,-9.99,,
10180006,2003.718611,31.66,64.166,,100,,,99.2821,19.9077,4.9846,36.629,208.81,-9.99,0.219,,,-9.99,,,
10180006,2003.718611,31.66,64.166,,102,,101.2673,19.8258,4.9763,36.6311,210.11,-9.99,0.206,,,-9.99,,,,
10180006,2003.718611,31.66,64.166,,104,,103.2524,19.7555,4.9689,36.6311,210.88,-9.99,0.191,,,-9.99,,,,
10180006,2003.718611,31.66,64.166,,106,,105.2375,19.7007,4.9633,36.6315,211.03,-9.99,0.186,,,-9.99,,,,
10180006,2003.718611,31.66,64.166,,108,,107.2226,19.6551,4.9586,36.6318,210.98,-9.99,0.18,,,-9.99,,,,
10180006,2003.718611,31.66,64.166,,110,,109.2077,19.6149,4.9543,36.6304,210.67,-9.99,0.171,,,-9.99,,,,
10180006,2003.718611,31.66,64.166,,112,,111.1927,19.578,4.9502,36.6277,210.4,-9.99,0.165,,,-9.99,,,,
10180006,2003.718611,31.66,64.166,,114,,113.1778,19.5418,4.9462,36.6253,210.3,-9.99,0.155,,,-9.99,,,,
10180006,2003.718611,31.66,64.166,,116,,115.1628,19.5148,4.9432,36.6234,210.29,-9.99,0.15,,,-9.99,,,,
10180006,2003.718611,31.66,64.166,,118,,117.1478,19.5046,4.9421,36.6228,210.16,-9.99,0.145,,,-9.99,,,,
10180006,2003.718611,31.66,64.166,,120,,119.1328,19.4927,4.9409,36.6223,209.87,-9.99,0.142,,,-9.99,,,,
10180006,2003.718611,31.66,64.166,,122,,121.1177,19.4752,4.939,36.6213,209.23,-9.99,0.139,,,-9.99,,,,
10180006,2003.718611,31.66,64.166,,124,,123.1027,19.4382,4.9351,36.6206,208.15,-9.99,0.139,,,-9.99,,,,
10180006,2003.718611,31.66,64.166,,126,,125.0876,19.4019,4.9317,36.623,206.35,-9.99,0.133,,,-9.99,,,,
10180006,2003.718611,31.66,64.166,,128,,127.0725,19.38,4.9297,36.6248,205.42,-9.99,0.127,,,-9.99,,,,
10180006,2003.718611,31.66,64.166,,130,,129.0574,19.3253,4.9241,36.6256,203.6,-9.99,0.118,,,-9.99,,,,
10180006,2003.718611,31.66,64.166,,132,,131.0422,19.3006,4.9215,36.6249,203.8,-9.99,0.113,,,-9.99,,,,
10180006,2003.718611,31.66,64.166,,134,,133.0271,19.285,4.9198,36.6237,203.79,-9.99,0.099,,,-9.99,,,,
10180006,2003.718611,31.66,64.166,,136,,135.0119,19.2623,4.9174,36.6222,203.8,-9.99,0.079,,,-9.99,,,,
10180006,2003.718611,31.66,64.166,,138,,136.9967,19.2361,4.9147,36.6222,203.78,-9.99,0.069,,,-9.99,,,,
10180006,2003.718611,31.66,64.166,,140,,138.9815,19.2055,4.9114,36.6204,203.52,-9.99,0.061,,,-9.99,,,,
10180006,2003.718611,31.66,64.166,,142,,140.9662,19.1731,4.9077,36.6175,203.23,-9.99,0.061,,,-9.99,,,,
10180006,2003.718611,31.66,64.166,,144,,142.951,19.1611,4.9065,36.6177,203.05,-9.99,0.067,,,-9.99,,,,
10180006,2003.718611,31.66,64.166,,146,,144.9357,19.1349,4.9038,36.6167,202.94,-9.99,0.068,,,-9.99,,,,
10180006,2003.718611,31.66,64.166,,148,,146.9204,19.1168,4.9019,36.6161,202.92,-9.99,0.073,,,-9.99,,,,
10180006,2003.718611,31.66,64.166,,150,,148.9051,19.1007,4.9002,36.6157,203.58,-9.99,0.073,,,-9.99,,,,
10180006,2003.718611,31.66,64.166,,152,,150.8898,19.0818,4.8983,36.6158,203.42,-9.99,0.066,,,-9.99,,,,
10180006,2003.718611,31.66,64.166,,154,,152.8744,19.07,4.8971,36.6154,203.13,-9.99,0.062,,,-9.99,,,,
10180006,2003.718611,31.66,64.166,,156,,154.8591,19.0549,4.8955,36.6139,202.65,-9.99,0.067,,,-9.99,,,,
10180006,2003.718611,31.66,64.166,,158,,156.8437,19.0468,4.8946,36.6133,202.88,-9.99,0.074,,,-9.99,,,,
10180006,2003.718611,31.66,64.166,,160,,158.8283,19.0309,4.8929,36.6123,203.09,-9.99,0.077,,,-9.99,,,,
10180006,2003.718611,31.66,64.166,,162,,160.8129,19.0162,4.8914,36.6118,202.74,-9.99,0.065,,,-9.99,,,,
10180006,2003.718611,31.66,64.166,,164,,162.7974,18.9945,4.8891,36.6103,202.28,-9.99,0.051,,,-9.99,,,,
10180006,2003.718611,31.66,64.166,,166,,164.782,18.9752,4.8869,36.6087,202.39,-9.99,0.047,,,-9.99,,,,
10180006,2003.718611,31.66,64.166,,168,,166.7665,18.9659,4.886,36.6083,202.47,-9.99,0.055,,,-9.99,,,,
10180006,2003.718611,31.66,64.166,,170,,168.751,18.9605,4.8855,36.6079,202.36,-9.99,0.056,,,-9.99,,,,
10180006,2003.718611,31.66,64.166,,172,,170.7354,18.9503,4.8844,36.6072,202.36,-9.99,0.052,,,-9.99,,,,
10180006,2003.718611,31.66,64.166,,174,,172.7199,18.9434,4.8837,36.6066,202.43,-9.99,0.049,,,-9.99,,,,
10180006,2003.718611,31.66,64.166,,176,,174.7043,18.9327,4.8826,36.606,202.61,-9.99,0.049,,,-9.99,,,,
10180006,2003.718611,31.66,64.166,,178,,176.6888,18.9087,4.88,36.6047,202.84,-9.99,0.047,,,-9.99,,,,
10180006,2003.718611,31.66,64.166,,180,,178.6732,18.8741,4.8763,36.6027,203.24,-9.99,0.045,,,-9.99,,,,
10180006,2003.718611,31.66,64.166,,182,,180.6576,18.8511,4.8738,36.6014,203.54,-9.99,0.043,,,-9.99,,,,
10180006,2003.718611,31.66,64.166,,184,,182.6419,18.829,4.8714,36.6002,203.77,-9.99,0.042,,,-9.99,,,,
10180006,2003.718611,31.66,64.166,,186,,184.6263,18.8277,4.8714,36.6004,203.76,-9.99,0.039,,,-9.99,,,,
10180006,2003.718611,31.66,64.166,,188,,186.6106,18.8249,4.8712,36.6005,203.82,-9.99,0.036,,,-9.99,,,,
10180006,2003.718611,31.66,64.166,,190,,188.5949,18.8244,4.8712,36.6005,203.91,-9.99,0.038,,,-9.99,,,,
10180006,2003.718611,31.66,64.166,,192,,190.5792,18.8224,4.8711,36.6003,204.08,-9.99,0.039,,,-9.99,,,,
10180006,2003.718611,31.66,64.166,,194,,192.5634,18.8165,4.8705,36.5997,204.37,-9.99,0.036,,,-9.99,,,,
10180006,2003.718611,31.66,64.166,,196,,194.5477,18.8076,4.8695,36.5989,204.52,-9.99,0.03,,,-9.99,,,,
10180006,2003.718611,31.66,64.166,,198,,196.5319,18.8011,4.869,36.5989,204.58,-9.99,0.033,,,-9.99,,,,
10180006,2003.718611,31.66,64.166,,200,,198.5161,18.7921,4.8681,36.5988,204.57,-9.99,0.034,,,-9.99,,,,
10180006,2003.718611,31.66,64.166,,202,,200.5003,18.7855,4.8675,36.5986,204.61,-9.99,0.034,,,-9.99,,,,
10180006,2003.718611,31.66,64.166,,204,,202.4845,18.7808,4.867,36.5985,204.7,-9.99,0.033,,,-9.99,,,,
10180006,2003.718611,31.66,64.166,,206,,204.4687,18.7771,4.8667,36.5984,204.78,-9.99,0.033,,,-9.99,,,,
10180006,2003.718611,31.66,64.166,,208,,206.4528,18.7749,4.8666,36.5982,204.79,-9.99,0.034,,,-9.99,,,,
10180006,2003.718611,31.66,64.166,,210,,208.4369,18.7728,4.8664,36.5981,204.89,-9.99,0.037,,,-9.99,,,,
10180006,2003.718611,31.66,64.166,,212,,210.421,18.7712,4.8663,36.5978,204.88,-9.99,0.023,,,-9.99,,,,
10180006,2003.718611,31.66,64.166,,214,,212.4051,18.7658,4.8658,36.5974,204.75,-9.99,0.028,,,-9.99,,,,
10180006,2003.718611,31.66,64.166,,216,,214.3891,18.7615,4.8654,36.5974,204.59,-9.99,0.024,,,-9.99,,,,
10180006,2003.718611,31.66,64.166,,218,,216.3732,18.7584,4.8652,36.5975,204.62,-9.99,0.028,,,-9.99,,,,
10180006,2003.718611,31.66,64.166,,220,,218.3572,18.7568,4.8651,36.5973,204.67,-9.99,0.024,,,-9.99,,,,
10180006,2003.718611,31.66,64.166,,222,,220.3412,18.7429,4.8636,36.5961,204.88,-9.99,0.029,,,-9.99,,,,
10180006,2003.718611,31.66,64.166,,224,,222.3252,18.7422,4.8636,36.5956,205.02,-9.99,0.034,,,-9.99,,,,
10180006,2003.718611,31.66,64.166,,226,,224.3091,18.7301,4.8622,36.5941,205.67,-9.99,0.024,,,-9.99,,,,
10180006,2003.718611,31.66,64.166,,228,,226.2931,18.7206,4.8613,36.5938,205.63,-9.99,0.035,,,-9.99,,,,
10180006,2003.718611,31.66,64.166,,230,,228.277,18.7143,4.8607,36.5936,205.83,-9.99,0.034,,,-9.99,,,,
10180006,2003.718611,31.66,64.166,,232,,230.2609,18.708,4.8601,36.5934,206.4,-9.99,0.028,,,-9.99,,,,
10180006,2003.718611,31.66,64.166,,234,,232.2448,18.6967,4.8589,36.5928,206.26,-9.99,0.032,,,-9.99,,,,
10180006,2003.718611,31.66,64.166,,236,,234.2286,18.6912,4.8583,36.5918,205.82,-9.99,0.023,,,-9.99,,,,
10180006,2003.718611,31.66,64.166,,238,,236.2125,18.682,4.8574,36.5919,205.55,-9.99,0.028,,,-9.99,,,,
10180006,2003.718611,31.66,64.166,,240,,238.1963,18.6786,4.8571,36.5913,205.55,-9.99,0.028,,,-9.99,,,,
10180006,2003.718611,31.66,64.166,,242,,240.1801,18.6705,4.8562,36.5903,205.52,-9.99,0.027,,,-9.99,,,,
10180006,2003.718611,31.66,64.166,,244,,242.1639,18.6632,4.8555,36.5895,205.08,-9.99,0.023,,,-9.99,,,,
10180006,2003.718611,31.66,64.166,,246,,244.1477,18.6553,4.8546,36.5888,204.85,-9.99,0.022,,,-9.99,,,,
10180006,2003.718611,31.66,64.166,,248,,246.1314,18.6499,4.8541,36.5881,204.67,-9.99,0.028,,,-9.99,,,,
10180006,2003.718611,31.66,64.166,,250,,248.1152,18.6421,4.8533,36.5874,204.55,-9.99,0.028,,,-9.99,,,,
10180006,2003.718611,31.66,64.166,,252,,250.0989,18.6375,4.8529,36.5877,204.67,-9.99,0.029,,,-9.99,,,,
10180006,2003.718611,31.66,64.166,,254,,252.0826,18.6359,4.8528,36.5874,204.59,-9.99,0.029,,,-9.99,,,,
10180006,2003.718611,31.66,64.166,,256,,254.0662,18.632,4.8523,36.586,204.55,-9.99,0.032,,,-9.99,,,,
10180006,2003.718611,31.66,64.166,,258,,256.0499,18.6227,4.8512,36.584,204.75,-9.99,0.033,,,-9.99,,,,
10180006,2003.718611,31.66,64.166,,260,,258.0335,18.5951,4.8477,36.578,205.11,-9.99,0.028,,,-9.99,,,,
10180006,2003.718611,31.66,64.166,,262,,260.0172,18.5821,4.8462,36.576,205.11,-9.99,0.034,,,-9.99,,,,
10180006,2003.718611,31.66,64.166,,264,,262.0008,18.5726,4.8452,36.5755,205.09,-9.99,0.038,,,-9.99,,,,
10180006,2003.718611,31.66,64.166,,266,,263.9843,18.5506,4.8428,36.5741,205.15,-9.99,0.04,,,-9.99,,,,
10180006,2003.718611,31.66,64.166,,268,,265.9679,18.547,4.8426,36.5745,205.07,-9.99,0.036,,,-9.99,,,,
10180006,2003.718611,31.66,64.166,,270,,267.9514,18.54,4.8419,36.5738,205.12,-9.99,0.033,,,-9.99,,,,
10180006,2003.718611,31.66,64.166,,272,,269.935,18.5298,4.8407,36.5722,205.2,-9.99,0.037,,,-9.99,,,,
10180006,2003.718611,31.66,64.166,,274,,271.9185,18.5137,4.8389,36.5701,205.31,-9.99,0.038,,,-9.99,,,,
10180006,2003.718611,31.66,64.166,,276,,273.9019,18.499,4.8372,36.568,205.42,-9.99,0.034,,,-9.99,,,,
10180006,2003.718611,31.66,64.166,,278,,275.8854,18.4901,4.8362,36.5664,205.49,-9.99,0.04,,,-9.99,,,,
10180006,2003.718611,31.66,64.166,,280,,277.8688,18.474,4.8345,36.5659,205.46,-9.99,0.045,,,-9.99,,,,
10180006,2003.718611,31.66,64.166,,282,,279.8523,18.4633,4.8332,36.564,205.37,-9.99,0.038,,,-9.99,,,,
10180006,2003.718611,31.66,64.166,,284,,281.8357,18.456,4.8326,36.5639,205.62,-9.99,0.03,,,-9.99,,,,
10180006,2003.718611,31.66,64.166,,286,,283.8191,18.4589,4.833,36.5646,205.52,-9.99,0.035,,,-9.99,,,,
10180006,2003.718611,31.66,64.166,,288,,285.8024,18.4631,4.8337,36.5661,205.43,-9.99,0.032,,,-9.99,,,,
10180006,2003.718611,31.66,64.166,,290,,287.7858,18.4655,4.8342,36.5672,205.19,-9.99,0.031,,,-9.99,,,,
10180006,2003.718611,31.66,64.166,,292,,289.7691,18.4664,4.8345,36.5677,205.25,-9.99,0.032,,,-9.99,,,,
10180006,2003.718611,31.66,64.166,,294,,291.7524,18.4617,4.8339,36.5666,205.34,-9.99,0.028,,,-9.99,,,,
10180006,2003.718611,31.66,64.166,,296,,293.7357,18.4606,4.8339,36.5664,205.25,-9.99,0.029,,,-9.99,,,,
10180006,2003.718611,31.66,64.166,,298,,295.719,18.4573,4.8335,36.5656,205.23,-9.99,0.029,,,-9.99,,,,
10180006,2003.718611,31.66,64.166,,300,,297.7022,18.45,4.8326,36.5634,205.3,-9.99,0.029,,,-9.99,,,,
10180006,2003.718611,31.66,64.166,,302,,299.6855,18.4385,4.8313,36.5615,205.14,-9.99,0.031,,,-9.99,,,,
10180006,2003.718611,31.66,64.166,,304,,301.6687,18.4239,4.8297,36.5601,205.01,-9.99,0.028,,,-9.99,,,,
10180006,2003.718611,31.66,64.166,,306,,303.6519,18.4155,4.8288,36.5596,204.98,-9.99,0.026,,,-9.99,,,,
10180006,2003.718611,31.66,64.166,,308,,305.6351,18.4044,4.8275,36.5578,204.99,-9.99,0.023,,,-9.99,,,,
10180006,2003.718611,31.66,64.166,,310,,307.6182,18.3797,4.8246,36.5541,205.13,-9.99,0.026,,,-9.99,,,,
10180006,2003.718611,31.66,64.166,,312,,309.6014,18.3727,4.8237,36.5522,205.12,-9.99,0.027,,,-9.99,,,,
10180006,2003.718611,31.66,64.166,,314,,311.5845,18.3549,4.8216,36.5489,204.99,-9.99,0.032,,,-9.99,,,,
10180006,2003.718611,31.66,64.166,,316,,313.5676,18.3501,4.8212,36.5489,204.9,-9.99,0.025,,,-9.99,,,,
10180006,2003.718611,31.66,64.166,,318,,315.5507,18.3428,4.8204,36.548,204.89,-9.99,0.028,,,-9.99,,,,
10180006,2003.718611,31.66,64.166,,320,,317.5337,18.3328,4.8193,36.5464,204.83,-9.99,0.028,,,-9.99,,,,
10180006,2003.718611,31.66,64.166,,322,,319.5168,18.3251,4.8184,36.5452,204.81,-9.99,0.029,,,-9.99,,,,
10180006,2003.718611,31.66,64.166,,324,,321.4998,18.3123,4.8169,36.5433,204.88,-9.99,0.03,,,-9.99,,,,
10180006,2003.718611,31.66,64.166,,326,,323.4828,18.3009,4.8157,36.5423,205,-9.99,0.03,,,-9.99,,,,
10180006,2003.718611,31.66,64.166,,328,,325.4658,18.3006,4.8158,36.5424,205,-9.99,0.035,,,-9.99,,,,
10180006,2003.718611,31.66,64.166,,330,,327.4487,18.2949,4.8152,36.5418,204.79,-9.99,0.033,,,-9.99,,,,
10180006,2003.718611,31.66,64.166,,332,,329.4317,18.2861,4.8143,36.5413,203.81,-9.99,0.026,,,-9.99,,,,
10180006,2003.718611,31.66,64.166,,334,,331.4146,18.2747,4.8132,36.5413,202.87,-9.99,0.023,,,-9.99,,,,
10180006,2003.718611,31.66,64.166,,336,,333.3975,18.2661,4.8125,36.5417,201.99,-9.99,0.024,,,-9.99,,,,
10180006,2003.718611,31.66,64.166,,338,,335.3804,18.2614,4.8121,36.5418,201.54,-9.99,0.029,,,-9.99,,,,
10180006,2003.718611,31.66,64.166,,340,,337.3633,18.2561,4.8115,36.541,201.24,-9.99,0.024,,,-9.99,,,,
10180006,2003.718611,31.66,64.166,,342,,339.3461,18.2509,4.811,36.5406,200.6,-9.99,0.021,,,-9.99,,,,
10180006,2003.718611,31.66,64.166,,344,,341.329,18.2388,4.8096,36.5389,199.58,-9.99,0.025,,,-9.99,,,,
10180006,2003.718611,31.66,64.166,,346,,343.3118,18.2175,4.8072,36.5365,197.91,-9.99,0.026,,,-9.99,,,,
10180006,2003.718611,31.66,64.166,,348,,345.2946,18.1957,4.8048,36.5341,196.41,-9.99,0.031,,,-9.99,,,,
10180006,2003.718611,31.66,64.166,,350,,347.2774,18.1858,4.8037,36.5331,196.98,-9.99,0.028,,,-9.99,,,,
10180006,2003.718611,31.66,64.166,,352,,349.2601,18.1825,4.8034,36.5327,196.21,-9.99,0.031,,,-9.99,,,,
10180006,2003.718611,31.66,64.166,,354,,351.2429,18.1746,4.8027,36.5329,196.65,-9.99,0.02,,,-9.99,,,,
10180006,2003.718611,31.66,64.166,,356,,353.2256,18.1719,4.8025,36.5327,196.48,-9.99,0.027,,,-9.99,,,,
10180006,2003.718611,31.66,64.166,,358,,355.2083,18.1639,4.8016,36.5316,196.44,-9.99,0.023,,,-9.99,,,,
10180006,2003.718611,31.66,64.166,,360,,357.191,18.1464,4.7996,36.5292,196.28,-9.99,0.023,,,-9.99,,,,
10180006,2003.718611,31.66,64.166,,362,,359.1736,18.1414,4.7991,36.5285,195.95,-9.99,0.018,,,-9.99,,,,
10180006,2003.718611,31.66,64.166,,364,,361.1563,18.1261,4.7973,36.526,195.64,-9.99,0.028,,,-9.99,,,,
10180006,2003.718611,31.66,64.166,,366,,363.1389,18.1073,4.7951,36.5236,195.59,-9.99,0.016,,,-9.99,,,,
10180006,2003.718611,31.66,64.166,,368,,365.1215,18.1028,4.7947,36.5233,195.58,-9.99,0.017,,,-9.99,,,,
10180006,2003.718611,31.66,64.166,,370,,367.1041,18.0797,4.7919,36.5192,194.94,-9.99,0.021,,,-9.99,,,,
10180006,2003.718611,31.66,64.166,,372,,369.0866,18.052,4.7887,36.5157,194.91,-9.99,0.028,,,-9.99,,,,
10180006,2003.718611,31.66,64.166,,374,,371.0692,18.0284,4.7857,36.5102,194.45,-9.99,0.025,,,-9.99,,,,
10180006,2003.718611,31.66,64.166,,376,,373.0517,18.0009,4.7826,36.5073,194.25,-9.99,0.029,,,-9.99,,,,
10180006,2003.718611,31.66,64.166,,378,,375.0342,17.9872,4.7812,36.5065,193.78,-9.99,0.028,,,-9.99,,,,
10180006,2003.718611,31.66,64.166,,380,,377.0167,17.9663,4.7787,36.5034,193.29,-9.99,0.02,,,-9.99,,,,
10180006,2003.718611,31.66,64.166,,382,,378.9992,17.9447,4.7763,36.5013,193.23,-9.99,0.016,,,-9.99,,,,
10180006,2003.718611,31.66,64.166,,384,,380.9816,17.9291,4.7746,36.4995,192.67,-9.99,0.022,,,-9.99,,,,
10180006,2003.718611,31.66,64.166,,386,,382.9641,17.9091,4.7723,36.4971,192.3,-9.99,0.023,,,-9.99,,,,
10180006,2003.718611,31.66,64.166,,388,,384.9465,17.8964,4.7709,36.4954,192.1,-9.99,0.026,,,-9.99,,,,
10180006,2003.718611,31.66,64.166,,390,,386.9289,17.8753,4.7684,36.4923,191.45,-9.99,0.018,,,-9.99,,,,
10180006,2003.718611,31.66,64.166,,392,,388.9112,17.8461,4.765,36.4881,191.38,-9.99,0.022,,,-9.99,,,,
10180006,2003.718611,31.66,64.166,,394,,390.8936,17.8182,4.7617,36.4842,191,-9.99,0.02,,,-9.99,,,,
10180006,2003.718611,31.66,64.166,,396,,392.8759,17.7894,4.7584,36.4803,190.9,-9.99,0.027,,,-9.99,,,,
10180006,2003.718611,31.66,64.166,,398,,394.8583,17.7782,4.7571,36.4788,190.82,-9.99,0.025,,,-9.99,,,,
10180006,2003.718611,31.66,64.166,,400,,396.8406,17.7661,4.7558,36.4772,190.85,-9.99,0.026,,,-9.99,,,,
10180006,2003.718611,31.66,64.166,,402,,398.8228,17.7523,4.7542,36.4754,190.87,-9.99,0.025,,,-9.99,,,,
10180006,2003.718611,31.66,64.166,,404,,400.8051,17.7409,4.7529,36.4738,190.89,-9.99,0.024,,,-9.99,,,,
10180006,2003.718611,31.66,64.166,,406,,402.7873,17.73,4.7517,36.4723,190.82,-9.99,0.024,,,-9.99,,,,
10180006,2003.718611,31.66,64.166,,408,,404.7696,17.7136,4.7498,36.4698,190.82,-9.99,0.027,,,-9.99,,,,
10180006,2003.718611,31.66,64.166,,410,,406.7518,17.6935,4.7474,36.4665,190.96,-9.99,0.025,,,-9.99,,,,
10180006,2003.718611,31.66,64.166,,412,,408.7339,17.6794,4.7458,36.4646,190.47,-9.99,0.017,,,-9.99,,,,
10180006,2003.718611,31.66,64.166,,414,,410.7161,17.6553,4.7429,36.46,189.55,-9.99,0.019,,,-9.99,,,,
10180006,2003.718611,31.66,64.166,,416,,412.6983,17.6156,4.7382,36.4538,189.52,-9.99,0.02,,,-9.99,,,,
10180006,2003.718611,31.66,64.166,,418,,414.6804,17.5881,4.735,36.4507,189.81,-9.99,0.025,,,-9.99,,,,
10180006,2003.718611,31.66,64.166,,420,,416.6625,17.5626,4.732,36.4469,189.77,-9.99,0.018,,,-9.99,,,,
10180006,2003.718611,31.66,64.166,,422,,418.6446,17.5477,4.7302,36.4435,188.33,-9.99,0.017,,,-9.99,,,,
10180006,2003.718611,31.66,64.166,,424,,420.6267,17.5016,4.7246,36.4356,187.93,-9.99,0.017,,,-9.99,,,,
10180006,2003.718611,31.66,64.166,,426,,422.6087,17.4646,4.7203,36.4306,187.79,-9.99,0.017,,,-9.99,,,,
10180006,2003.718611,31.66,64.166,,428,,424.5907,17.4396,4.7174,36.4272,187.71,-9.99,0.023,,,-9.99,,,,
10180006,2003.718611,31.66,64.166,,430,,426.5728,17.4259,4.7158,36.4253,187.59,-9.99,0.023,,,-9.99,,,,
10180006,2003.718611,31.66,64.166,,432,,428.5547,17.4145,4.7146,36.4236,187.68,-9.99,0.022,,,-9.99,,,,
10180006,2003.718611,31.66,64.166,,434,,430.5367,17.4005,4.7129,36.4208,187.81,-9.99,0.022,,,-9.99,,,,
10180006,2003.718611,31.66,64.166,,436,,432.5187,17.3767,4.7102,36.4178,187.58,-9.99,0.028,,,-9.99,,,,
10180006,2003.718611,31.66,64.166,,438,,434.5006,17.3671,4.7091,36.4165,187.49,-9.99,0.027,,,-9.99,,,,
10180006,2003.718611,31.66,64.166,,440,,436.4825,17.3322,4.7049,36.4107,187.45,-9.99,0.022,,,-9.99,,,,
10180006,2003.718611,31.66,64.166,,442,,438.4644,17.2993,4.701,36.4053,187.37,-9.99,0.021,,,-9.99,,,,
10180006,2003.718611,31.66,64.166,,444,,440.4463,17.281,4.6989,36.4027,187.15,-9.99,0.026,,,-9.99,,,,
10180006,2003.718611,31.66,64.166,,446,,442.4282,17.2688,4.6975,36.4008,186.97,-9.99,0.028,,,-9.99,,,,
10180006,2003.718611,31.66,64.166,,448,,444.41,17.2554,4.6959,36.3981,186.8,-9.99,0.029,,,-9.99,,,,
10180006,2003.718611,31.66,64.166,,450,,446.3918,17.2366,4.6936,36.3942,186.72,-9.99,0.029,,,-9.99,,,,
10180006,2003.718611,31.66,64.166,,452,,448.3736,17.2004,4.6892,36.388,186.67,-9.99,0.026,,,-9.99,,,,
10180006,2003.718611,31.66,64.166,,454,,450.3554,17.1768,4.6865,36.3844,186.61,-9.99,0.027,,,-9.99,,,,
10180006,2003.718611,31.66,64.166,,456,,452.3372,17.1619,4.6848,36.382,186.59,-9.99,0.025,,,-9.99,,,,
10180006,2003.718611,31.66,64.166,,458,,454.3189,17.1493,4.6833,36.3801,186.58,-9.99,0.023,,,-9.99,,,,
10180006,2003.718611,31.66,64.166,,460,,456.3007,17.143,4.6825,36.3781,186.51,-9.99,0.021,,,-9.99,,,,
10180006,2003.718611,31.66,64.166,,462,,458.2824,17.1108,4.6786,36.3723,186.33,-9.99,0.019,,,-9.99,,,,
10180006,2003.718611,31.66,64.166,,464,,460.2641,17.0863,4.6758,36.3692,186.16,-9.99,0.023,,,-9.99,,,,
10180006,2003.718611,31.66,64.166,,466,,462.2457,17.0648,4.6733,36.3655,186.07,-9.99,0.026,,,-9.99,,,,
10180006,2003.718611,31.66,64.166,,468,,464.2274,17.0454,4.671,36.3624,186.03,-9.99,0.024,,,-9.99,,,,
10180006,2003.718611,31.66,64.166,,470,,466.209,17.0331,4.6697,36.361,185.86,-9.99,0.025,,,-9.99,,,,
10180006,2003.718611,31.66,64.166,,472,,468.1906,17.0122,4.6671,36.3565,185.69,-9.99,0.025,,,-9.99,,,,
10180006,2003.718611,31.66,64.166,,474,,470.1722,16.988,4.6642,36.3524,185.76,-9.99,0.021,,,-9.99,,,,
10180006,2003.718611,31.66,64.166,,476,,472.1538,16.9669,4.6618,36.3494,185.63,-9.99,0.022,,,-9.99,,,,
10180006,2003.718611,31.66,64.166,,478,,474.1354,16.9556,4.6606,36.3478,185.38,-9.99,0.02,,,-9.99,,,,
10180006,2003.718611,31.66,64.166,,480,,476.1169,16.9417,4.659,36.3455,185.42,-9.99,0.021,,,-9.99,,,,
10180006,2003.718611,31.66,64.166,,482,,478.0984,16.9143,4.6555,36.3396,186.05,-9.99,0.021,,,-9.99,,,,
10180006,2003.718611,31.66,64.166,,484,,480.0799,16.8652,4.6499,36.3334,186.58,-9.99,0.019,,,-9.99,,,,
10180006,2003.718611,31.66,64.166,,486,,482.0614,16.8609,4.6495,36.333,186.7,-9.99,0.018,,,-9.99,,,,
10180006,2003.718611,31.66,64.166,,488,,484.0429,16.856,4.649,36.3324,186.66,-9.99,0.026,,,-9.99,,,,
10180006,2003.718611,31.66,64.166,,490,,486.0243,16.8518,4.6486,36.3318,186.25,-9.99,0.03,,,-9.99,,,,
10180006,2003.718611,31.66,64.166,,492,,488.0057,16.8434,4.6475,36.3293,185.71,-9.99,0.023,,,-9.99,,,,
10180006,2003.718611,31.66,64.166,,494,,489.9871,16.8101,4.6435,36.3228,185.71,-9.99,0.018,,,-9.99,,,,
10180006,2003.718611,31.66,64.166,,496,,491.9685,16.7681,4.6384,36.3156,185.98,-9.99,0.023,,,-9.99,,,,
10180006,2003.718611,31.66,64.166,,498,,493.9499,16.7469,4.6359,36.3121,186.07,-9.99,0.028,,,-9.99,,,,
10180006,2003.718611,31.66,64.166,,500,,495.9312,16.7195,4.6325,36.3061,186.04,-9.99,0.031,,,-9.99,,,,
10180006,2003.718611,31.66,64.166,,502,,497.9126,16.6767,4.6277,36.3016,185.98,-9.99,0.023,,,-9.99,,,,
10180006,2003.718611,31.66,64.166,,504,,499.8939,16.6632,4.6262,36.2996,186.26,-9.99,0.018,,,-9.99,,,,
10180007,2003.722441,32.165,64,,,,6,,,,5.958,26.7711,5.6879,36.4018,210.37,-9.99,0.038,,,-9.99
10180007,2003.722441,32.165,64,,,,8,,,,7.944,26.6901,5.6788,36.3989,210.3,-9.99,0.044,,,-9.99
10180007,2003.722441,32.165,64,,,10,,,,9.93,26.6538,5.6747,36.3974,210.34,-9.99,0.035,,,-9.99,
10180007,2003.722441,32.165,64,,,12,,,11.9159,26.6362,5.6728,36.3971,210.33,-9.99,0.031,,,-9.99,,
10180007,2003.722441,32.165,64,,,14,,,13.9018,26.6267,5.6719,36.397,210.34,-9.99,0.036,,,-9.99,,
10180007,2003.722441,32.165,64,,,16,,,15.8877,26.6249,5.6717,36.3968,210.47,-9.99,0.046,,,-9.99,,
10180007,2003.722441,32.165,64,,,18,,,17.8736,26.6208,5.6714,36.397,210.29,-9.99,0.05,,,-9.99,,
10180007,2003.722441,32.165,64,,,20,,,19.8594,26.6182,5.6713,36.3973,210.46,-9.99,0.042,,,-9.99,,
10180007,2003.722441,32.165,64,,,22,,,21.8453,26.6154,5.671,36.3971,210.29,-9.99,0.033,,,-9.99,,
10180007,2003.722441,32.165,64,,,24,,,23.8311,26.6136,5.6709,36.3972,210.34,-9.99,0.044,,,-9.99,,
10180007,2003.722441,32.165,64,,,26,,,25.8169,26.6126,5.6709,36.3976,210.2,-9.99,0.05,,,-9.99,,
10180007,2003.722441,32.165,64,,,28,,,27.8027,26.6107,5.6708,36.3975,210.21,-9.99,0.05,,,-9.99,,
10180007,2003.722441,32.165,64,,,30,,,29.7884,26.6071,5.6705,36.3972,210.22,-9.99,0.046,,,-9.99,,
10180007,2003.722441,32.165,64,,,32,,,31.7742,26.6036,5.6701,36.397,210.85,-9.99,0.052,,,-9.99,,
10180007,2003.722441,32.165,64,,,34,,,33.7599,26.5654,5.6654,36.392,211.37,-9.99,0.057,,,-9.99,,
10180007,2003.722441,32.165,64,,,36,,,35.7456,26.3876,5.6447,36.3819,211.77,-9.99,0.055,,,-9.99,,
10180007,2003.722441,32.165,64,,,38,,,37.7313,26.2062,5.6251,36.3821,212.3,-9.99,0.057,,,-9.99,,
10180007,2003.722441,32.165,64,,,40,,,39.717,26.0439,5.6067,36.3754,212.68,-9.99,0.061,,,-9.99,,
10180007,2003.722441,32.165,64,,,42,,,41.7026,25.685,5.5709,36.3978,213.45,-9.99,0.065,,,-9.99,,
10180007,2003.722441,32.165,64,,,44,,,43.6882,25.4273,5.5467,36.4247,214.16,-9.99,0.069,,,-9.99,,
10180007,2003.722441,32.165,64,,,46,,,45.6738,25.25,5.5298,36.4411,214.15,-9.99,0.074,,,-9.99,,
10180007,2003.722441,32.165,64,,,48,,,47.6594,24.9301,5.4974,36.4576,212.93,-9.99,0.084,,,-9.99,,
10180007,2003.722441,32.165,64,,,50,,,49.645,24.7516,5.4791,36.4638,212.82,-9.99,0.082,,,-9.99,,
10180007,2003.722441,32.165,64,,,52,,,51.6305,24.2391,5.4271,36.4882,214.49,-9.99,0.086,,,-9.99,,
10180007,2003.722441,32.165,64,,,54,,,53.6161,23.771,5.3797,36.5108,216.85,-9.99,0.097,,,-9.99,,
10180007,2003.722441,32.165,64,,,56,,,55.6016,23.3677,5.3389,36.5301,217.82,-9.99,0.112,,,-9.99,,
10180007,2003.722441,32.165,64,,,58,,,57.5871,23.1141,5.3135,36.5439,216.86,-9.99,0.13,,,-9.99,,
10180007,2003.722441,32.165,64,,,60,,,59.5726,22.8832,5.2903,36.5549,215.43,-9.99,0.147,,,-9.99,,
10180007,2003.722441,32.165,64,,,62,,,61.558,22.7067,5.2722,36.561,214.79,-9.99,0.16,,,-9.99,,
10180007,2003.722441,32.165,64,,,64,,,63.5434,22.4003,5.2414,36.5761,213.71,-9.99,0.183,,,-9.99,,
10180007,2003.722441,32.165,64,,,66,,,65.5289,22.0522,5.2062,36.5914,213.77,-9.99,0.212,,,-9.99,,
10180007,2003.722441,32.165,64,,,68,,,67.5142,21.8009,5.1814,36.6064,213.85,-9.99,0.239,,,-9.99,,
10180007,2003.722441,32.165,64,,,70,,,69.4996,21.6769,5.169,36.6125,213.65,-9.99,0.27,,,-9.99,,
10180007,2003.722441,32.165,64,,,72,,,71.485,21.5721,5.1583,36.6156,213.33,-9.99,0.292,,,-9.99,,
10180007,2003.722441,32.165,64,,,74,,,73.4703,21.4654,5.1476,36.6206,211.81,-9.99,0.336,,,-9.99,,
10180007,2003.722441,32.165,64,,,76,,,75.4556,21.3976,5.1413,36.6269,210.27,-9.99,0.388,,,-9.99,,
10180007,2003.722441,32.165,64,,,78,,,77.4409,21.2439,5.1256,36.6316,207.94,-9.99,0.496,,,-9.99,,
10180007,2003.722441,32.165,64,,,80,,,79.4262,21.0551,5.1065,36.6393,203.55,-9.99,0.51,,,-9.99,,
10180007,2003.722441,32.165,64,,,82,,,81.4115,20.8965,5.0913,36.6518,199.6,-9.99,0.461,,,-9.99,,
10180007,2003.722441,32.165,64,,,84,,,83.3967,20.7925,5.0813,36.6595,198.64,-9.99,0.4,,,-9.99,,
10180007,2003.722441,32.165,64,,,86,,,85.3819,20.691,5.0709,36.6622,197.7,-9.99,0.354,,,-9.99,,
10180007,2003.722441,32.165,64,,,88,,,87.3671,20.5682,5.0577,36.6599,197.58,-9.99,0.319,,,-9.99,,
10180007,2003.722441,32.165,64,,,90,,,89.3523,20.4584,5.0459,36.6576,197.58,-9.99,0.28,,,-9.99,,
10180007,2003.722441,32.165,64,,,92,,,91.3375,20.4077,5.0405,36.6568,197.84,-9.99,0.266,,,-9.99,,
10180007,2003.722441,32.165,64,,,94,,,93.3226,20.2953,5.0282,36.6527,197.41,-9.99,0.251,,,-9.99,,
10180007,2003.722441,32.165,64,,,96,,,95.3078,20.2211,5.0203,36.6514,197.47,-9.99,0.245,,,-9.99,,
10180007,2003.722441,32.165,64,,,98,,,97.2929,20.1801,5.016,36.6513,197.42,-9.99,0.225,,,-9.99,,
10180007,2003.722441,32.165,64,,100,,,99.278,20.1082,5.0079,36.6466,197.46,-9.99,0.23,,,-9.99,,,
10180007,2003.722441,32.165,64,,102,,101.263,20.0123,4.9976,36.6445,197.53,-9.99,0.209,,,-9.99,,,,
10180007,2003.722441,32.165,64,,104,,103.2481,19.9349,4.9894,36.6435,197.61,-9.99,0.193,,,-9.99,,,,
10180007,2003.722441,32.165,64,,106,,105.2331,19.8952,4.9853,36.6436,197.62,-9.99,0.182,,,-9.99,,,,
10180007,2003.722441,32.165,64,,108,,107.2181,19.8574,4.9814,36.6437,197.6,-9.99,0.171,,,-9.99,,,,
10180007,2003.722441,32.165,64,,110,,109.2031,19.8349,4.9791,36.6433,197.72,-9.99,0.164,,,-9.99,,,,
10180007,2003.722441,32.165,64,,112,,111.1881,19.7937,4.9746,36.6415,198.01,-9.99,0.158,,,-9.99,,,,
10180007,2003.722441,32.165,64,,114,,113.173,19.7352,4.9683,36.6394,198.38,-9.99,0.143,,,-9.99,,,,
10180007,2003.722441,32.165,64,,116,,115.158,19.6894,4.9633,36.6378,198.5,-9.99,0.135,,,-9.99,,,,
10180007,2003.722441,32.165,64,,118,,117.1429,19.6504,4.9592,36.6368,198.44,-9.99,0.122,,,-9.99,,,,
10180007,2003.722441,32.165,64,,120,,119.1278,19.6235,4.9563,36.636,198.07,-9.99,0.117,,,-9.99,,,,
10180007,2003.722441,32.165,64,,122,,121.1127,19.5908,4.953,36.6365,197.62,-9.99,0.11,,,-9.99,,,,
10180007,2003.722441,32.165,64,,124,,123.0975,19.561,4.9501,36.6375,197.23,-9.99,0.103,,,-9.99,,,,
10180007,2003.722441,32.165,64,,126,,125.0823,19.5416,4.9482,36.6383,197.45,-9.99,0.099,,,-9.99,,,,
10180007,2003.722441,32.165,64,,128,,127.0672,19.5296,4.947,36.6379,197.69,-9.99,0.097,,,-9.99,,,,
10180007,2003.722441,32.165,64,,130,,129.052,19.5108,4.9449,36.6364,198.22,-9.99,0.092,,,-9.99,,,,
10180007,2003.722441,32.165,64,,132,,131.0367,19.4875,4.9424,36.6346,198.73,-9.99,0.092,,,-9.99,,,,
10180007,2003.722441,32.165,64,,134,,133.0215,19.4619,4.9395,36.6326,199.21,-9.99,0.088,,,-9.99,,,,
10180007,2003.722441,32.165,64,,136,,135.0062,19.4265,4.9356,36.6306,199.64,-9.99,0.08,,,-9.99,,,,
10180007,2003.722441,32.165,64,,138,,136.991,19.3959,4.9324,36.6294,199.89,-9.99,0.075,,,-9.99,,,,
10180007,2003.722441,32.165,64,,140,,138.9757,19.356,4.9281,36.628,200.39,-9.99,0.068,,,-9.99,,,,
10180007,2003.722441,32.165,64,,142,,140.9604,19.324,4.9248,36.6276,200.98,-9.99,0.059,,,-9.99,,,,
10180007,2003.722441,32.165,64,,144,,142.945,19.3028,4.9225,36.6267,200.66,-9.99,0.061,,,-9.99,,,,
10180007,2003.722441,32.165,64,,146,,144.9297,19.2613,4.9179,36.624,200.33,-9.99,0.051,,,-9.99,,,,
10180007,2003.722441,32.165,64,,148,,146.9143,19.2333,4.9149,36.6224,200.26,-9.99,0.053,,,-9.99,,,,
10180007,2003.722441,32.165,64,,150,,148.8989,19.213,4.9127,36.621,199.96,-9.99,0.052,,,-9.99,,,,
10180007,2003.722441,32.165,64,,152,,150.8835,19.1824,4.9093,36.6189,199.82,-9.99,0.052,,,-9.99,,,,
10180007,2003.722441,32.165,64,,154,,152.8681,19.1393,4.9046,36.617,199.87,-9.99,0.043,,,-9.99,,,,
10180007,2003.722441,32.165,64,,156,,154.8526,19.1211,4.903,36.6185,200.15,-9.99,0.038,,,-9.99,,,,
10180007,2003.722441,32.165,64,,158,,156.8371,19.0994,4.9008,36.6189,200.09,-9.99,0.036,,,-9.99,,,,
10180007,2003.722441,32.165,64,,160,,158.8216,19.0816,4.899,36.6183,199.67,-9.99,0.034,,,-9.99,,,,
10180007,2003.722441,32.165,64,,162,,160.8061,19.0442,4.8949,36.6161,199.15,-9.99,0.039,,,-9.99,,,,
10180007,2003.722441,32.165,64,,164,,162.7906,19.0141,4.8915,36.6138,199.41,-9.99,0.039,,,-9.99,,,,
10180007,2003.722441,32.165,64,,166,,164.7751,18.978,4.8875,36.6109,199.53,-9.99,0.036,,,-9.99,,,,
10180007,2003.722441,32.165,64,,168,,166.7595,18.9436,4.8837,36.6089,199.39,-9.99,0.033,,,-9.99,,,,
10180007,2003.722441,32.165,64,,170,,168.7439,18.9464,4.8843,36.61,199.28,-9.99,0.032,,,-9.99,,,,
10180007,2003.722441,32.165,64,,172,,170.7283,18.927,4.8823,36.6097,199.36,-9.99,0.032,,,-9.99,,,,
10180007,2003.722441,32.165,64,,174,,172.7127,18.9073,4.8801,36.6083,199.74,-9.99,0.031,,,-9.99,,,,
10180007,2003.722441,32.165,64,,176,,174.697,18.8984,4.8792,36.6079,199.74,-9.99,0.029,,,-9.99,,,,
10180007,2003.722441,32.165,64,,178,,176.6814,18.8761,4.8768,36.6063,200.07,-9.99,0.031,,,-9.99,,,,
10180007,2003.722441,32.165,64,,180,,178.6657,18.8658,4.8757,36.6056,200.28,-9.99,0.033,,,-9.99,,,,
10180007,2003.722441,32.165,64,,182,,180.65,18.8456,4.8735,36.6043,200.41,-9.99,0.028,,,-9.99,,,,
10180007,2003.722441,32.165,64,,184,,182.6343,18.8278,4.8716,36.6029,200.55,-9.99,0.028,,,-9.99,,,,
10180007,2003.722441,32.165,64,,186,,184.6185,18.8106,4.8698,36.6018,200.54,-9.99,0.027,,,-9.99,,,,
10180007,2003.722441,32.165,64,,188,,186.6028,18.7968,4.8683,36.601,200.5,-9.99,0.028,,,-9.99,,,,
10180007,2003.722441,32.165,64,,190,,188.587,18.7692,4.8653,36.5993,200.51,-9.99,0.028,,,-9.99,,,,
10180007,2003.722441,32.165,64,,192,,190.5712,18.7511,4.8633,36.5977,200.49,-9.99,0.028,,,-9.99,,,,
10180007,2003.722441,32.165,64,,194,,192.5554,18.7386,4.862,36.5966,200.41,-9.99,0.03,,,-9.99,,,,
10180007,2003.722441,32.165,64,,196,,194.5396,18.7268,4.8607,36.5956,200.52,-9.99,0.03,,,-9.99,,,,
10180007,2003.722441,32.165,64,,198,,196.5237,18.7137,4.8593,36.5944,200.93,-9.99,0.024,,,-9.99,,,,
10180007,2003.722441,32.165,64,,200,,198.5078,18.703,4.8581,36.5935,201.13,-9.99,0.023,,,-9.99,,,,
10180007,2003.722441,32.165,64,,202,,200.4919,18.693,4.857,36.5924,201.24,-9.99,0.027,,,-9.99,,,,
10180007,2003.722441,32.165,64,,204,,202.476,18.6878,4.8565,36.592,200.96,-9.99,0.034,,,-9.99,,,,
10180007,2003.722441,32.165,64,,206,,204.4601,18.6779,4.8554,36.5905,200.36,-9.99,0.031,,,-9.99,,,,
10180007,2003.722441,32.165,64,,208,,206.4442,18.6572,4.8531,36.5886,199.86,-9.99,0.031,,,-9.99,,,,
10180007,2003.722441,32.165,64,,210,,208.4282,18.647,4.8521,36.5879,200.28,-9.99,0.033,,,-9.99,,,,
10180007,2003.722441,32.165,64,,212,,210.4122,18.632,4.8504,36.5867,199.89,-9.99,0.028,,,-9.99,,,,
10180007,2003.722441,32.165,64,,214,,212.3962,18.6151,4.8486,36.5855,199.53,-9.99,0.021,,,-9.99,,,,
10180007,2003.722441,32.165,64,,216,,214.3802,18.6045,4.8475,36.5849,199.72,-9.99,0.027,,,-9.99,,,,
10180007,2003.722441,32.165,64,,218,,216.3641,18.5985,4.8469,36.5846,199.78,-9.99,0.027,,,-9.99,,,,
10180007,2003.722441,32.165,64,,220,,218.3481,18.5926,4.8464,36.5843,199.67,-9.99,0.029,,,-9.99,,,,
10180007,2003.722441,32.165,64,,222,,220.332,18.5848,4.8456,36.5839,199.47,-9.99,0.031,,,-9.99,,,,
10180007,2003.722441,32.165,64,,224,,222.3159,18.5772,4.8448,36.5833,199.4,-9.99,0.027,,,-9.99,,,,
10180007,2003.722441,32.165,64,,226,,224.2998,18.5654,4.8436,36.5822,199.55,-9.99,0.028,,,-9.99,,,,
10180007,2003.722441,32.165,64,,228,,226.2836,18.5535,4.8423,36.5809,199.76,-9.99,0.03,,,-9.99,,,,
10180007,2003.722441,32.165,64,,230,,228.2675,18.5429,4.8411,36.5796,199.9,-9.99,0.028,,,-9.99,,,,
10180007,2003.722441,32.165,64,,232,,230.2513,18.5286,4.8395,36.578,200.07,-9.99,0.024,,,-9.99,,,,
10180007,2003.722441,32.165,64,,234,,232.2351,18.5122,4.8377,36.5763,200.22,-9.99,0.021,,,-9.99,,,,
10180007,2003.722441,32.165,64,,236,,234.2189,18.5072,4.8372,36.5759,200.29,-9.99,0.022,,,-9.99,,,,
10180007,2003.722441,32.165,64,,238,,236.2026,18.5013,4.8366,36.5751,200.2,-9.99,0.026,,,-9.99,,,,
10180007,2003.722441,32.165,64,,240,,238.1864,18.495,4.8359,36.5743,200.14,-9.99,0.027,,,-9.99,,,,
10180007,2003.722441,32.165,64,,242,,240.1701,18.4863,4.8349,36.5732,200.13,-9.99,0.026,,,-9.99,,,,
10180007,2003.722441,32.165,64,,244,,242.1538,18.4774,4.834,36.5722,200.26,-9.99,0.028,,,-9.99,,,,
10180007,2003.722441,32.165,64,,246,,244.1375,18.473,4.8335,36.5714,200.22,-9.99,0.021,,,-9.99,,,,
10180007,2003.722441,32.165,64,,248,,246.1211,18.4579,4.8317,36.5688,199.97,-9.99,0.021,,,-9.99,,,,
10180007,2003.722441,32.165,64,,250,,248.1048,18.445,4.8302,36.5668,199.99,-9.99,0.027,,,-9.99,,,,
10180007,2003.722441,32.165,64,,252,,250.0884,18.4366,4.8293,36.5654,200.08,-9.99,0.027,,,-9.99,,,,
10180007,2003.722441,32.165,64,,254,,252.072,18.4269,4.8281,36.563,200.2,-9.99,0.022,,,-9.99,,,,
10180007,2003.722441,32.165,64,,256,,254.0556,18.4172,4.8268,36.5601,200.41,-9.99,0.019,,,-9.99,,,,
10180007,2003.722441,32.165,64,,258,,256.0392,18.3948,4.824,36.5553,200.75,-9.99,0.022,,,-9.99,,,,
10180007,2003.722441,32.165,64,,260,,258.0228,18.3738,4.8215,36.5515,201.11,-9.99,0.022,,,-9.99,,,,
10180007,2003.722441,32.165,64,,262,,260.0063,18.3546,4.8193,36.5491,201.17,-9.99,0.026,,,-9.99,,,,
10180007,2003.722441,32.165,64,,264,,261.9898,18.3465,4.8185,36.5487,200.51,-9.99,0.027,,,-9.99,,,,
10180007,2003.722441,32.165,64,,266,,263.9733,18.336,4.8173,36.5477,200.1,-9.99,0.024,,,-9.99,,,,
10180007,2003.722441,32.165,64,,268,,265.9568,18.3191,4.8154,36.5456,200.21,-9.99,0.023,,,-9.99,,,,
10180007,2003.722441,32.165,64,,270,,267.9402,18.2976,4.8129,36.543,200.12,-9.99,0.025,,,-9.99,,,,
10180007,2003.722441,32.165,64,,272,,269.9237,18.2831,4.8114,36.5415,200.02,-9.99,0.023,,,-9.99,,,,
10180007,2003.722441,32.165,64,,274,,271.9071,18.2737,4.8104,36.5409,199.83,-9.99,0.024,,,-9.99,,,,
10180007,2003.722441,32.165,64,,276,,273.8905,18.2694,4.8101,36.5412,199.58,-9.99,0.024,,,-9.99,,,,
10180007,2003.722441,32.165,64,,278,,275.8739,18.2615,4.8093,36.5408,199.59,-9.99,0.021,,,-9.99,,,,
10180007,2003.722441,32.165,64,,280,,277.8572,18.2552,4.8087,36.5404,199.48,-9.99,0.026,,,-9.99,,,,
10180007,2003.722441,32.165,64,,282,,279.8406,18.2517,4.8083,36.54,199.3,-9.99,0.023,,,-9.99,,,,
10180007,2003.722441,32.165,64,,284,,281.8239,18.2409,4.8072,36.5393,199.73,-9.99,0.024,,,-9.99,,,,
10180007,2003.722441,32.165,64,,286,,283.8072,18.228,4.8059,36.5388,199.65,-9.99,0.02,,,-9.99,,,,
10180007,2003.722441,32.165,64,,288,,285.7905,18.226,4.8058,36.5385,199.64,-9.99,0.021,,,-9.99,,,,
10180007,2003.722441,32.165,64,,290,,287.7737,18.2172,4.8048,36.5371,199.47,-9.99,0.022,,,-9.99,,,,
10180007,2003.722441,32.165,64,,292,,289.757,18.209,4.8039,36.5365,199.1,-9.99,0.024,,,-9.99,,,,
10180007,2003.722441,32.165,64,,294,,291.7402,18.201,4.8032,36.5363,198.18,-9.99,0.023,,,-9.99,,,,
10180007,2003.722441,32.165,64,,296,,293.7234,18.1949,4.8027,36.5366,197.43,-9.99,0.022,,,-9.99,,,,
10180007,2003.722441,32.165,64,,298,,295.7066,18.1869,4.8018,36.5356,197.13,-9.99,0.019,,,-9.99,,,,
10180007,2003.722441,32.165,64,,300,,297.6898,18.1773,4.8007,36.5344,196.98,-9.99,0.019,,,-9.99,,,,
10180007,2003.722441,32.165,64,,302,,299.6729,18.1705,4.8,36.5336,196.9,-9.99,0.024,,,-9.99,,,,
10180007,2003.722441,32.165,64,,304,,301.6561,18.1656,4.7995,36.533,196.82,-9.99,0.027,,,-9.99,,,,
10180007,2003.722441,32.165,64,,306,,303.6392,18.1566,4.7985,36.5317,196.62,-9.99,0.026,,,-9.99,,,,
10180007,2003.722441,32.165,64,,308,,305.6223,18.1461,4.7974,36.5304,196.35,-9.99,0.026,,,-9.99,,,,
10180007,2003.722441,32.165,64,,310,,307.6054,18.1281,4.7953,36.5281,195.68,-9.99,0.026,,,-9.99,,,,
10180007,2003.722441,32.165,64,,312,,309.5884,18.1156,4.794,36.527,195.24,-9.99,0.025,,,-9.99,,,,
10180007,2003.722441,32.165,64,,314,,311.5714,18.1068,4.7931,36.5262,195,-9.99,0.023,,,-9.99,,,,
10180007,2003.722441,32.165,64,,316,,313.5545,18.104,4.7929,36.5262,195.11,-9.99,0.022,,,-9.99,,,,
10180007,2003.722441,32.165,64,,318,,315.5375,18.1025,4.7928,36.526,195.13,-9.99,0.021,,,-9.99,,,,
10180007,2003.722441,32.165,64,,320,,317.5204,18.1017,4.7928,36.5259,195.09,-9.99,0.023,,,-9.99,,,,
10180007,2003.722441,32.165,64,,322,,319.5034,18.1006,4.7927,36.5256,194.93,-9.99,0.023,,,-9.99,,,,
10180007,2003.722441,32.165,64,,324,,321.4863,18.0958,4.7922,36.5248,194.77,-9.99,0.021,,,-9.99,,,,
10180007,2003.722441,32.165,64,,326,,323.4693,18.0851,4.791,36.5231,194.54,-9.99,0.023,,,-9.99,,,,
10180007,2003.722441,32.165,64,,328,,325.4522,18.0594,4.788,36.5199,194.23,-9.99,0.023,,,-9.99,,,,
10180007,2003.722441,32.165,64,,330,,327.4351,18.0362,4.7853,36.517,193.92,-9.99,0.021,,,-9.99,,,,
10180007,2003.722441,32.165,64,,332,,329.4179,18.0278,4.7844,36.5156,193.52,-9.99,0.021,,,-9.99,,,,
10180007,2003.722441,32.165,64,,334,,331.4008,18.0152,4.783,36.5137,193.09,-9.99,0.022,,,-9.99,,,,
10180007,2003.722441,32.165,64,,336,,333.3836,17.996,4.7807,36.5108,192.67,-9.99,0.022,,,-9.99,,,,
10180007,2003.722441,32.165,64,,338,,335.3664,17.9709,4.7778,36.5073,192.23,-9.99,0.02,,,-9.99,,,,
10180007,2003.722441,32.165,64,,340,,337.3492,17.9546,4.7759,36.5051,192.12,-9.99,0.017,,,-9.99,,,,
10180007,2003.722441,32.165,64,,342,,339.332,17.938,4.774,36.5029,191.95,-9.99,0.014,,,-9.99,,,,
10180007,2003.722441,32.165,64,,344,,341.3147,17.933,4.7735,36.5022,191.93,-9.99,0.018,,,-9.99,,,,
10180007,2003.722441,32.165,64,,346,,343.2974,17.9239,4.7725,36.5009,191.93,-9.99,0.022,,,-9.99,,,,
10180007,2003.722441,32.165,64,,348,,345.2801,17.9147,4.7715,36.4997,191.95,-9.99,0.023,,,-9.99,,,,
10180007,2003.722441,32.165,64,,350,,347.2628,17.9097,4.771,36.4991,191.94,-9.99,0.025,,,-9.99,,,,
10180007,2003.722441,32.165,64,,352,,349.2455,17.9034,4.7703,36.4981,191.82,-9.99,0.028,,,-9.99,,,,
10180007,2003.722441,32.165,64,,354,,351.2282,17.8729,4.7667,36.4932,191.67,-9.99,0.023,,,-9.99,,,,
10180007,2003.722441,32.165,64,,356,,353.2108,17.8592,4.7651,36.4912,191.06,-9.99,0.022,,,-9.99,,,,
10180007,2003.722441,32.165,64,,358,,355.1934,17.8088,4.7592,36.4849,191.18,-9.99,0.023,,,-9.99,,,,
10180007,2003.722441,32.165,64,,360,,357.176,17.7933,4.7575,36.4831,191.14,-9.99,0.029,,,-9.99,,,,
10180007,2003.722441,32.165,64,,362,,359.1586,17.7862,4.7568,36.4823,191.24,-9.99,0.024,,,-9.99,,,,
10180007,2003.722441,32.165,64,,364,,361.1412,17.7808,4.7562,36.4815,191.11,-9.99,0.027,,,-9.99,,,,
10180007,2003.722441,32.165,64,,366,,363.1237,17.7765,4.7558,36.4809,191.09,-9.99,0.023,,,-9.99,,,,
10180007,2003.722441,32.165,64,,368,,365.1062,17.7641,4.7543,36.4785,191.1,-9.99,0.021,,,-9.99,,,,
10180007,2003.722441,32.165,64,,370,,367.0887,17.7431,4.7518,36.4754,191.07,-9.99,0.021,,,-9.99,,,,
10180007,2003.722441,32.165,64,,372,,369.0712,17.7198,4.7491,36.4722,190.92,-9.99,0.022,,,-9.99,,,,
10180007,2003.722441,32.165,64,,374,,371.0537,17.6786,4.7443,36.4668,190.69,-9.99,0.024,,,-9.99,,,,
10180007,2003.722441,32.165,64,,376,,373.0361,17.6684,4.7432,36.4652,190.59,-9.99,0.024,,,-9.99,,,,
10180007,2003.722441,32.165,64,,378,,375.0185,17.6587,4.7421,36.4638,190.52,-9.99,0.024,,,-9.99,,,,
10180007,2003.722441,32.165,64,,380,,377.0009,17.6443,4.7405,36.4619,190.34,-9.99,0.023,,,-9.99,,,,
10180007,2003.722441,32.165,64,,382,,378.9833,17.6403,4.74,36.4608,190.31,-9.99,0.023,,,-9.99,,,,
10180007,2003.722441,32.165,64,,384,,380.9657,17.624,4.7381,36.4577,190.12,-9.99,0.025,,,-9.99,,,,
10180007,2003.722441,32.165,64,,386,,382.9481,17.5967,4.7349,36.4542,189.95,-9.99,0.024,,,-9.99,,,,
10180007,2003.722441,32.165,64,,388,,384.9304,17.5779,4.7328,36.4517,189.89,-9.99,0.024,,,-9.99,,,,
10180007,2003.722441,32.165,64,,390,,386.9127,17.561,4.7308,36.4493,189.88,-9.99,0.024,,,-9.99,,,,
10180007,2003.722441,32.165,64,,392,,388.895,17.5427,4.7287,36.4467,189.87,-9.99,0.023,,,-9.99,,,,
10180007,2003.722441,32.165,64,,394,,390.8773,17.5246,4.7266,36.4442,189.86,-9.99,0.024,,,-9.99,,,,
10180007,2003.722441,32.165,64,,396,,392.8595,17.5146,4.7255,36.4428,189.76,-9.99,0.028,,,-9.99,,,,
10180007,2003.722441,32.165,64,,398,,394.8417,17.5054,4.7245,36.4412,189.68,-9.99,0.031,,,-9.99,,,,
10180007,2003.722441,32.165,64,,400,,396.824,17.4903,4.7227,36.4386,189.46,-9.99,0.032,,,-9.99,,,,
10180007,2003.722441,32.165,64,,402,,398.8062,17.4731,4.7206,36.4353,189.13,-9.99,0.026,,,-9.99,,,,
10180007,2003.722441,32.165,64,,404,,400.7883,17.4467,4.7175,36.4311,189.32,-9.99,0.023,,,-9.99,,,,
10180007,2003.722441,32.165,64,,406,,402.7705,17.4262,4.7152,36.4283,189.87,-9.99,0.023,,,-9.99,,,,
10180007,2003.722441,32.165,64,,408,,404.7526,17.405,4.7127,36.4252,190.76,-9.99,0.024,,,-9.99,,,,
10180007,2003.722441,32.165,64,,410,,406.7348,17.3934,4.7114,36.4236,191.24,-9.99,0.026,,,-9.99,,,,
10180007,2003.722441,32.165,64,,412,,408.7169,17.3812,4.71,36.4218,191.76,-9.99,0.023,,,-9.99,,,,
10180007,2003.722441,32.165,64,,414,,410.6989,17.3626,4.7078,36.4184,192.38,-9.99,0.021,,,-9.99,,,,
10180007,2003.722441,32.165,64,,416,,412.681,17.3448,4.7057,36.415,192.76,-9.99,0.021,,,-9.99,,,,
10180007,2003.722441,32.165,64,,418,,414.6631,17.3067,4.701,36.408,193.26,-9.99,0.022,,,-9.99,,,,
10180007,2003.722441,32.165,64,,420,,416.6451,17.2728,4.6969,36.4024,193.41,-9.99,0.025,,,-9.99,,,,
10180007,2003.722441,32.165,64,,422,,418.6271,17.2458,4.6938,36.3983,193.63,-9.99,0.022,,,-9.99,,,,
10180007,2003.722441,32.165,64,,424,,420.6091,17.2224,4.691,36.3946,193.84,-9.99,0.027,,,-9.99,,,,
10180007,2003.722441,32.165,64,,426,,422.591,17.2089,4.6895,36.3928,194.04,-9.99,0.022,,,-9.99,,,,
10180007,2003.722441,32.165,64,,428,,424.573,17.1994,4.6885,36.3914,194.39,-9.99,0.027,,,-9.99,,,,
10180007,2003.722441,32.165,64,,430,,426.5549,17.1929,4.6877,36.39,194.46,-9.99,0.02,,,-9.99,,,,
10180007,2003.722441,32.165,64,,432,,428.5368,17.1678,4.6847,36.3858,193.99,-9.99,0.033,,,-9.99,,,,
10180007,2003.722441,32.165,64,,434,,430.5187,17.1414,4.6815,36.3806,193.77,-9.99,0.029,,,-9.99,,,,
10180007,2003.722441,32.165,64,,436,,432.5006,17.0981,4.6763,36.3733,193.66,-9.99,0.023,,,-9.99,,,,
10180007,2003.722441,32.165,64,,438,,434.4825,17.0819,4.6745,36.3712,193.03,-9.99,0.025,,,-9.99,,,,
10180007,2003.722441,32.165,64,,440,,436.4643,17.066,4.6726,36.3685,192.41,-9.99,0.026,,,-9.99,,,,
10180007,2003.722441,32.165,64,,442,,438.4461,17.0401,4.6694,36.3633,192.02,-9.99,0.026,,,-9.99,,,,
10180007,2003.722441,32.165,64,,444,,440.4279,17.0098,4.6659,36.3589,191.72,-9.99,0.021,,,-9.99,,,,
10180007,2003.722441,32.165,64,,446,,442.4097,16.9956,4.6643,36.3572,191.35,-9.99,0.028,,,-9.99,,,,
10180007,2003.722441,32.165,64,,448,,444.3914,16.9874,4.6634,36.3557,191.03,-9.99,0.031,,,-9.99,,,,
10180007,2003.722441,32.165,64,,450,,446.3732,16.979,4.6625,36.3542,190.82,-9.99,0.027,,,-9.99,,,,
10180007,2003.722441,32.165,64,,452,,448.3549,16.9653,4.6608,36.3516,190.53,-9.99,0.026,,,-9.99,,,,
10180007,2003.722441,32.165,64,,454,,450.3366,16.9452,4.6584,36.348,190.29,-9.99,0.023,,,-9.99,,,,
10180007,2003.722441,32.165,64,,456,,452.3183,16.9181,4.6552,36.3434,190.13,-9.99,0.017,,,-9.99,,,,
10180007,2003.722441,32.165,64,,458,,454.3,16.8988,4.653,36.3402,190.03,-9.99,0.018,,,-9.99,,,,
10180007,2003.722441,32.165,64,,460,,456.2816,16.8783,4.6505,36.3362,189.82,-9.99,0.024,,,-9.99,,,,
10180007,2003.722441,32.165,64,,462,,458.2632,16.8613,4.6485,36.3333,189.61,-9.99,0.021,,,-9.99,,,,
10180007,2003.722441,32.165,64,,464,,460.2448,16.8451,4.6466,36.3304,189.53,-9.99,0.02,,,-9.99,,,,
10180007,2003.722441,32.165,64,,466,,462.2264,16.8146,4.6428,36.3236,189.52,-9.99,0.028,,,-9.99,,,,
10180007,2003.722441,32.165,64,,468,,464.208,16.783,4.6391,36.3187,189.43,-9.99,0.026,,,-9.99,,,,
10180007,2003.722441,32.165,64,,470,,466.1895,16.759,4.6363,36.3151,189.29,-9.99,0.022,,,-9.99,,,,
10180007,2003.722441,32.165,64,,472,,468.1711,16.7479,4.6349,36.3127,189.18,-9.99,0.026,,,-9.99,,,,
10180007,2003.722441,32.165,64,,474,,470.1526,16.745,4.6348,36.3129,188.97,-9.99,0.02,,,-9.99,,,,
10180007,2003.722441,32.165,64,,476,,472.1341,16.7359,4.6336,36.3104,188.65,-9.99,0.016,,,-9.99,,,,
10180007,2003.722441,32.165,64,,478,,474.1155,16.6863,4.6275,36.3008,188.71,-9.99,0.013,,,-9.99,,,,
10180007,2003.722441,32.165,64,,480,,476.097,16.6524,4.6236,36.2957,188.89,-9.99,0.015,,,-9.99,,,,
10180007,2003.722441,32.165,64,,482,,478.0784,16.6389,4.622,36.2937,188.89,-9.99,0.021,,,-9.99,,,,
10180007,2003.722441,32.165,64,,484,,480.0599,16.6364,4.6218,36.2932,188.61,-9.99,0.023,,,-9.99,,,,
10180007,2003.722441,32.165,64,,486,,482.0413,16.631,4.6212,36.2923,188.7,-9.99,0.02,,,-9.99,,,,
10180007,2003.722441,32.165,64,,488,,484.0226,16.6222,4.6202,36.2906,188.52,-9.99,0.02,,,-9.99,,,,
10180007,2003.722441,32.165,64,,490,,486.004,16.6127,4.6191,36.2887,188.41,-9.99,0.022,,,-9.99,,,,
10180007,2003.722441,32.165,64,,492,,487.9853,16.6033,4.618,36.2866,188.42,-9.99,0.019,,,-9.99,,,,
10180007,2003.722441,32.165,64,,494,,489.9667,16.5885,4.6163,36.2843,188.37,-9.99,0.022,,,-9.99,,,,
10180007,2003.722441,32.165,64,,496,,491.948,16.581,4.6155,36.2831,188.38,-9.99,0.019,,,-9.99,,,,
10180007,2003.722441,32.165,64,,498,,493.9292,16.5771,4.6151,36.2824,188.28,-9.99,0.021,,,-9.99,,,,
10180007,2003.722441,32.165,64,,500,,495.9105,16.5695,4.6143,36.281,187.81,-9.99,0.02,,,-9.99,,,,
10180007,2003.722441,32.165,64,,502,,497.8918,16.5642,4.6137,36.28,187.32,-9.99,0.024,,,-9.99,,,,
10180007,2003.722441,32.165,64,,504,,499.873,16.5418,4.6109,36.2743,187.24,-9.99,0.022,,,-9.99,,,,
10180007,2003.722441,32.165,64,,506,,501.8542,16.5033,4.6063,36.2679,187.2,-9.99,0.015,,,-9.99,,,,
10180007,2003.722441,32.165,64,,508,,503.8354,16.4785,4.6033,36.2635,186.77,-9.99,0.019,,,-9.99,,,,
10180007,2003.722441,32.165,64,,510,,505.8165,16.453,4.6004,36.2595,186.59,-9.99,0.021,,,-9.99,,,,
10180007,2003.722441,32.165,64,,512,,507.7977,16.4422,4.5992,36.2582,186.42,-9.99,0.021,,,-9.99,,,,
10180007,2003.722441,32.165,64,,514,,509.7788,16.4227,4.597,36.2557,186.17,-9.99,0.024,,,-9.99,,,,
10180007,2003.722441,32.165,64,,516,,511.7599,16.4075,4.5952,36.253,185.98,-9.99,0.024,,,-9.99,,,,
10180007,2003.722441,32.165,64,,518,,513.741,16.3666,4.5902,36.245,185.91,-9.99,0.023,,,-9.99,,,,
10180007,2003.722441,32.165,64,,520,,515.7221,16.3385,4.587,36.2414,185.7,-9.99,0.025,,,-9.99,,,,
10180007,2003.722441,32.165,64,,522,,517.7032,16.3255,4.5856,36.2392,185.48,-9.99,0.027,,,-9.99,,,,
10180007,2003.722441,32.165,64,,524,,519.6842,16.3116,4.5839,36.2366,185.12,-9.99,0.025,,,-9.99,,,,
10180007,2003.722441,32.165,64,,526,,521.6652,16.2721,4.5792,36.2295,184.92,-9.99,0.029,,,-9.99,,,,
10180007,2003.722441,32.165,64,,528,,523.6462,16.2391,4.5752,36.2236,184.81,-9.99,0.029,,,-9.99,,,,
10180007,2003.722441,32.165,64,,530,,525.6272,16.1908,4.5695,36.2155,184.67,-9.99,0.016,,,-9.99,,,,
10180007,2003.722441,32.165,64,,532,,527.6082,16.179,4.5682,36.2139,184.6,-9.99,0.023,,,-9.99,,,,
10180007,2003.722441,32.165,64,,534,,529.5891,16.1595,4.5659,36.2107,184.28,-9.99,0.021,,,-9.99,,,,
10180007,2003.722441,32.165,64,,536,,531.57,16.1462,4.5644,36.2088,183.89,-9.99,0.022,,,-9.99,,,,
10180007,2003.722441,32.165,64,,538,,533.5509,16.0985,4.5586,36.1994,183.67,-9.99,0.022,,,-9.99,,,,
10180007,2003.722441,32.165,64,,540,,535.5318,16.0381,4.5513,36.1887,183.41,-9.99,0.02,,,-9.99,,,,
10180007,2003.722441,32.165,64,,542,,537.5127,15.9966,4.5465,36.1827,182.92,-9.99,0.022,,,-9.99,,,,
10180007,2003.722441,32.165,64,,544,,539.4935,15.9433,4.54,36.1718,182.57,-9.99,0.021,,,-9.99,,,,
10180007,2003.722441,32.165,64,,546,,541.4744,15.8786,4.5323,36.1612,182.31,-9.99,0.023,,,-9.99,,,,
10180007,2003.722441,32.165,64,,548,,543.4552,15.8535,4.5294,36.1577,182.08,-9.99,0.022,,,-9.99,,,,
10180007,2003.722441,32.165,64,,550,,545.436,15.8418,4.5282,36.156,181.88,-9.99,0.019,,,-9.99,,,,
10180007,2003.722441,32.165,64,,552,,547.4167,15.8359,4.5275,36.1549,181.7,-9.99,0.011,,,-9.99,,,,
10180007,2003.722441,32.165,64,,554,,549.3975,15.8306,4.527,36.1542,180.99,-9.99,0.02,,,-9.99,,,,
10180007,2003.722441,32.165,64,,556,,551.3782,15.8127,4.5248,36.1498,180.26,-9.99,0.031,,,-9.99,,,,
10180007,2003.722441,32.165,64,,558,,553.3589,15.7689,4.5195,36.1419,179.75,-9.99,0.019,,,-9.99,,,,
10180007,2003.722441,32.165,64,,560,,555.3396,15.7183,4.5134,36.1324,179.02,-9.99,0.023,,,-9.99,,,,
10180007,2003.722441,32.165,64,,562,,557.3203,15.6203,4.5012,36.1108,178.35,-9.99,0.018,,,-9.99,,,,
10180007,2003.722441,32.165,64,,564,,559.301,15.5224,4.49,36.0987,177.6,-9.99,0.02,,,-9.99,,,,
10180007,2003.722441,32.165,64,,566,,561.2816,15.4925,4.4862,36.0915,177.57,-9.99,0.024,,,-9.99,,,,
10180007,2003.722441,32.165,64,,568,,563.2622,15.4395,4.4801,36.0834,177.72,-9.99,0.027,,,-9.99,,,,
10180007,2003.722441,32.165,64,,570,,565.2428,15.4036,4.476,36.0786,177.61,-9.99,0.025,,,-9.99,,,,
10180007,2003.722441,32.165,64,,572,,567.2234,15.3903,4.4745,36.0763,177.11,-9.99,0.025,,,-9.99,,,,
10180007,2003.722441,32.165,64,,574,,569.204,15.3557,4.4703,36.0689,176.08,-9.99,0.025,,,-9.99,,,,
10180007,2003.722441,32.165,64,,576,,571.1845,15.3011,4.4638,36.0593,174.81,-9.99,0.025,,,-9.99,,,,
10180007,2003.722441,32.165,64,,578,,573.165,15.2355,4.456,36.0482,172.84,-9.99,0.026,,,-9.99,,,,
10180007,2003.722441,32.165,64,,580,,575.1455,15.2079,4.4526,36.0419,171.44,-9.99,0.027,,,-9.99,,,,
10180007,2003.722441,32.165,64,,582,,577.126,15.1737,4.4485,36.0348,170.48,-9.99,0.022,,,-9.99,,,,
10180007,2003.722441,32.165,64,,584,,579.1065,15.135,4.4439,36.0279,169.38,-9.99,0.015,,,-9.99,,,,
10180007,2003.722441,32.165,64,,586,,581.0869,15.105,4.4403,36.022,168.4,-9.99,0.01,,,-9.99,,,,
10180007,2003.722441,32.165,64,,588,,583.0674,15.053,4.4342,36.0131,168.41,-9.99,0.019,,,-9.99,,,,
10180007,2003.722441,32.165,64,,590,,585.0478,15.0102,4.4292,36.0062,169.24,-9.99,0.023,,,-9.99,,,,
10180007,2003.722441,32.165,64,,592,,587.0282,14.9745,4.4251,36.0007,170.46,-9.99,0.023,,,-9.99,,,,
10180007,2003.722441,32.165,64,,594,,589.0086,14.9615,4.4237,35.9997,170.93,-9.99,0.025,,,-9.99,,,,
10180007,2003.722441,32.165,64,,596,,590.9889,14.9221,4.4191,35.9927,170.82,-9.99,0.026,,,-9.99,,,,
10180007,2003.722441,32.165,64,,598,,592.9692,14.8736,4.4135,35.9853,170.35,-9.99,0.018,,,-9.99,,,,
10180007,2003.722441,32.165,64,,600,,594.9496,14.8454,4.4102,35.9806,169.57,-9.99,0.024,,,-9.99,,,,
10180007,2003.722441,32.165,64,,602,,596.9299,14.8266,4.408,35.977,169.01,-9.99,0.028,,,-9.99,,,,
10180007,2003.722441,32.165,64,,604,,598.9101,14.8059,4.4056,35.9725,169.13,-9.99,0.023,,,-9.99,,,,
10180007,2003.722441,32.165,64,,606,,600.8904,14.7527,4.399,35.9606,169.53,-9.99,0.021,,,-9.99,,,,
10180007,2003.722441,32.165,64,,608,,602.8706,14.683,4.3911,35.9515,169.66,-9.99,0.02,,,-9.99,,,,
10180007,2003.722441,32.165,64,,610,,604.8509,14.6138,4.383,35.9402,169.63,-9.99,0.025,,,-9.99,,,,
10180007,2003.722441,32.165,64,,612,,606.8311,14.5531,4.376,35.9305,169.53,-9.99,0.024,,,-9.99,,,,
10180007,2003.722441,32.165,64,,614,,608.8112,14.5479,4.3756,35.9308,169.21,-9.99,0.025,,,-9.99,,,,
10180007,2003.722441,32.165,64,,616,,610.7914,14.53,4.3734,35.9268,168.61,-9.99,0.02,,,-9.99,,,,
10180007,2003.722441,32.165,64,,618,,612.7716,14.4803,4.3674,35.9159,168.46,-9.99,0.018,,,-9.99,,,,
10180007,2003.722441,32.165,64,,620,,614.7517,14.4402,4.3629,35.9111,168.41,-9.99,0.021,,,-9.99,,,,
10180007,2003.722441,32.165,64,,622,,616.7318,14.42,4.3607,35.9087,167.63,-9.99,0.02,,,-9.99,,,,
10180007,2003.722441,32.165,64,,624,,618.7119,14.4136,4.3601,35.9079,167.19,-9.99,0.029,,,-9.99,,,,
10180007,2003.722441,32.165,64,,626,,620.692,14.3922,4.3575,35.9034,166.84,-9.99,0.037,,,-9.99,,,,
10180007,2003.722441,32.165,64,,628,,622.672,14.3509,4.3527,35.8963,165.98,-9.99,0.03,,,-9.99,,,,
10180007,2003.722441,32.165,64,,630,,624.652,14.3042,4.3473,35.888,164.7,-9.99,0.019,,,-9.99,,,,
10180007,2003.722441,32.165,64,,632,,626.6321,14.2734,4.3438,35.8833,163.72,-9.99,0.017,,,-9.99,,,,
10180007,2003.722441,32.165,64,,634,,628.612,14.2533,4.3415,35.8798,161.44,-9.99,0.024,,,-9.99,,,,
10180007,2003.722441,32.165,64,,636,,630.592,14.2228,4.3378,35.8736,158.57,-9.99,0.036,,,-9.99,,,,
10180007,2003.722441,32.165,64,,638,,632.572,14.1674,4.3312,35.8622,157.99,-9.99,0.026,,,-9.99,,,,
10180007,2003.722441,32.165,64,,640,,634.5519,14.0891,4.3219,35.848,157.57,-9.99,0.031,,,-9.99,,,,
10180007,2003.722441,32.165,64,,642,,636.5318,14.0263,4.3148,35.839,156.97,-9.99,0.023,,,-9.99,,,,
10180007,2003.722441,32.165,64,,644,,638.5117,13.9859,4.3103,35.8336,156.58,-9.99,0.02,,,-9.99,,,,
10180007,2003.722441,32.165,64,,646,,640.4916,13.9419,4.3051,35.8256,156.55,-9.99,0.024,,,-9.99,,,,
10180007,2003.722441,32.165,64,,648,,642.4715,13.8911,4.2994,35.8182,156.74,-9.99,0.024,,,-9.99,,,,
10180007,2003.722441,32.165,64,,650,,644.4513,13.8448,4.2941,35.8111,156.87,-9.99,0.03,,,-9.99,,,,
10180007,2003.722441,32.165,64,,652,,646.4312,13.8156,4.2908,35.8064,156.93,-9.99,0.022,,,-9.99,,,,
10180007,2003.722441,32.165,64,,654,,648.411,13.7706,4.2857,35.7997,156.86,-9.99,0.015,,,-9.99,,,,
10180007,2003.722441,32.165,64,,656,,650.3907,13.7442,4.2828,35.7962,156.77,-9.99,0.012,,,-9.99,,,,
10180007,2003.722441,32.165,64,,658,,652.3705,13.6816,4.2754,35.7849,156.62,-9.99,0.015,,,-9.99,,,,
10180007,2003.722441,32.165,64,,660,,654.3503,13.628,4.2693,35.7769,156.29,-9.99,0.021,,,-9.99,,,,
10180007,2003.722441,32.165,64,,662,,656.33,13.5999,4.2663,35.7741,155.82,-9.99,0.021,,,-9.99,,,,
10180007,2003.722441,32.165,64,,664,,658.3097,13.5419,4.2596,35.7637,155.48,-9.99,0.015,,,-9.99,,,,
10180007,2003.722441,32.165,64,,666,,660.2894,13.4691,4.2512,35.7521,155.22,-9.99,0.021,,,-9.99,,,,
10180007,2003.722441,32.165,64,,668,,662.2691,13.4019,4.2436,35.7417,155.02,-9.99,0.027,,,-9.99,,,,
10180007,2003.722441,32.165,64,,670,,664.2487,13.3409,4.2368,35.7338,154.68,-9.99,0.033,,,-9.99,,,,
10180007,2003.722441,32.165,64,,672,,666.2284,13.2911,4.231,35.725,154.39,-9.99,0.035,,,-9.99,,,,
10180007,2003.722441,32.165,64,,674,,668.208,13.2008,4.2207,35.7113,154.4,-9.99,0.029,,,-9.99,,,,
10180007,2003.722441,32.165,64,,676,,670.1876,13.1755,4.218,35.7083,154.26,-9.99,0.023,,,-9.99,,,,
10180007,2003.722441,32.165,64,,678,,672.1672,13.1545,4.2156,35.7043,154.13,-9.99,0.019,,,-9.99,,,,
10180007,2003.722441,32.165,64,,680,,674.1467,13.1182,4.2114,35.6979,154.27,-9.99,0.024,,,-9.99,,,,
10180007,2003.722441,32.165,64,,682,,676.1263,13.0319,4.2017,35.6856,154.66,-9.99,0.025,,,-9.99,,,,
10180007,2003.722441,32.165,64,,684,,678.1058,12.989,4.197,35.6802,154.85,-9.99,0.022,,,-9.99,,,,
10180007,2003.722441,32.165,64,,686,,680.0853,12.9401,4.1917,35.6746,154.99,-9.99,0.022,,,-9.99,,,,
10180007,2003.722441,32.165,64,,688,,682.0648,12.9053,4.188,35.6712,154.91,-9.99,0.032,,,-9.99,,,,
10180007,2003.722441,32.165,64,,690,,684.0442,12.8706,4.1839,35.6635,154.91,-9.99,0.029,,,-9.99,,,,
10180007,2003.722441,32.165,64,,692,,686.0237,12.8241,4.179,35.6598,154.76,-9.99,0.037,,,-9.99,,,,
10180007,2003.722441,32.165,64,,694,,688.0031,12.8013,4.1765,35.6561,154.38,-9.99,0.038,,,-9.99,,,,
10180007,2003.722441,32.165,64,,696,,689.9825,12.7648,4.1724,35.6508,153.87,-9.99,0.028,,,-9.99,,,,
10180007,2003.722441,32.165,64,,698,,691.9619,12.6634,4.1607,35.6335,153.49,-9.99,0.032,,,-9.99,,,,
10180007,2003.722441,32.165,64,,700,,693.9413,12.5515,4.1487,35.622,153.48,-9.99,0.03,,,-9.99,,,,
10180007,2003.722441,32.165,64,,702,,695.9206,12.5336,4.1469,35.621,153.28,-9.99,0.028,,,-9.99,,,,
10180007,2003.722441,32.165,64,,704,,697.9,12.5067,4.1438,35.616,152.9,-9.99,0.034,,,-9.99,,,,
10180007,2003.722441,32.165,64,,706,,699.8793,12.4557,4.1381,35.6079,152.74,-9.99,0.042,,,-9.99,,,,
10180007,2003.722441,32.165,64,,708,,701.8586,12.4071,4.1329,35.6027,152.45,-9.99,0.032,,,-9.99,,,,
10180007,2003.722441,32.165,64,,710,,703.8378,12.3835,4.1303,35.599,151.94,-9.99,0.014,,,-9.99,,,,
10180007,2003.722441,32.165,64,,712,,705.8171,12.3349,4.1247,35.5903,151.58,-9.99,0.016,,,-9.99,,,,
10180007,2003.722441,32.165,64,,714,,707.7963,12.2808,4.1188,35.5831,151.53,-9.99,0.018,,,-9.99,,,,
10180007,2003.722441,32.165,64,,716,,709.7756,12.1961,4.1094,35.5719,151.36,-9.99,0.022,,,-9.99,,,,
10180007,2003.722441,32.165,64,,718,,711.7548,12.1243,4.1015,35.5627,151.28,-9.99,0.03,,,-9.99,,,,
10180007,2003.722441,32.165,64,,720,,713.734,12.0796,4.0968,35.5583,151.14,-9.99,0.02,,,-9.99,,,,
10180007,2003.722441,32.165,64,,722,,715.7131,12.0615,4.0949,35.5563,150.8,-9.99,0.019,,,-9.99,,,,
10180007,2003.722441,32.165,64,,724,,717.6923,12.0272,4.0911,35.5505,150.57,-9.99,0.021,,,-9.99,,,,
10180007,2003.722441,32.165,64,,726,,719.6714,11.9664,4.0844,35.542,150.48,-9.99,0.022,,,-9.99,,,,
10180007,2003.722441,32.165,64,,728,,721.6505,11.9401,4.0817,35.5403,150.43,-9.99,0.027,,,-9.99,,,,
10180007,2003.722441,32.165,64,,730,,723.6296,11.9316,4.0808,35.5386,150.28,-9.99,0.026,,,-9.99,,,,
10180007,2003.722441,32.165,64,,732,,725.6087,11.9107,4.0786,35.5363,149.93,-9.99,0.016,,,-9.99,,,,
10180007,2003.722441,32.165,64,,734,,727.5877,11.9059,4.0782,35.5358,149.6,-9.99,0.016,,,-9.99,,,,
10180007,2003.722441,32.165,64,,736,,729.5667,11.8528,4.0722,35.5266,149.48,-9.99,0.027,,,-9.99,,,,
10180007,2003.722441,32.165,64,,738,,731.5457,11.7412,4.0599,35.5114,149.59,-9.99,0.034,,,-9.99,,,,
10180007,2003.722441,32.165,64,,740,,733.5247,11.6847,4.0539,35.5057,149.48,-9.99,0.026,,,-9.99,,,,
10180007,2003.722441,32.165,64,,742,,735.5037,11.6419,4.0491,35.499,149.45,-9.99,0.03,,,-9.99,,,,
10180007,2003.722441,32.165,64,,744,,737.4827,11.5827,4.0426,35.4904,149.53,-9.99,0.032,,,-9.99,,,,
10180007,2003.722441,32.165,64,,746,,739.4616,11.5473,4.0389,35.4871,149.48,-9.99,0.031,,,-9.99,,,,
10180007,2003.722441,32.165,64,,748,,741.4405,11.5322,4.0374,35.4853,149.4,-9.99,0.032,,,-9.99,,,,
10180007,2003.722441,32.165,64,,750,,743.4194,11.5245,4.0366,35.4842,149.28,-9.99,0.024,,,-9.99,,,,
10180007,2003.722441,32.165,64,,752,,745.3983,11.4914,4.033,35.4791,149.24,-9.99,0.029,,,-9.99,,,,
10180007,2003.722441,32.165,64,,754,,747.3772,11.4455,4.028,35.4731,149.2,-9.99,0.035,,,-9.99,,,,
10180007,2003.722441,32.165,64,,756,,749.356,11.4332,4.0267,35.4715,149.03,-9.99,0.029,,,-9.99,,,,
10180007,2003.722441,32.165,64,,758,,751.3348,11.3893,4.0218,35.4642,148.92,-9.99,0.036,,,-9.99,,,,
10180007,2003.722441,32.165,64,,760,,753.3136,11.3546,4.0182,35.4611,148.27,-9.99,0.038,,,-9.99,,,,
10180007,2003.722441,32.165,64,,762,,755.2924,11.3064,4.0128,35.4528,148.06,-9.99,0.035,,,-9.99,,,,
10180007,2003.722441,32.165,64,,764,,757.2712,11.1999,4.0009,35.436,148.19,-9.99,0.03,,,-9.99,,,,
10180007,2003.722441,32.165,64,,766,,759.2499,11.1348,3.9943,35.4316,147.79,-9.99,0.027,,,-9.99,,,,
10180007,2003.722441,32.165,64,,768,,761.2287,11.1046,3.9912,35.4285,147.42,-9.99,0.037,,,-9.99,,,,
10180007,2003.722441,32.165,64,,770,,763.2074,11.0194,3.9817,35.4153,147.57,-9.99,0.031,,,-9.99,,,,
10180007,2003.722441,32.165,64,,772,,765.1861,10.9924,3.9791,35.4149,147.36,-9.99,0.023,,,-9.99,,,,
10180007,2003.722441,32.165,64,,774,,767.1648,10.9495,3.9743,35.4074,147.01,-9.99,0.033,,,-9.99,,,,
10180007,2003.722441,32.165,64,,776,,769.1434,10.9074,3.9701,35.4048,146.95,-9.99,0.024,,,-9.99,,,,
10180007,2003.722441,32.165,64,,778,,771.122,10.8733,3.9664,35.3993,146.77,-9.99,0.02,,,-9.99,,,,
10180007,2003.722441,32.165,64,,780,,773.1007,10.8205,3.9605,35.3909,146.67,-9.99,0.014,,,-9.99,,,,
10180007,2003.722441,32.165,64,,782,,775.0793,10.7208,3.9502,35.3823,146.81,-9.99,0.017,,,-9.99,,,,
10180007,2003.722441,32.165,64,,784,,777.0578,10.6749,3.9453,35.3768,146.87,-9.99,0.027,,,-9.99,,,,
10180007,2003.722441,32.165,64,,786,,779.0364,10.6313,3.9406,35.3709,146.99,-9.99,0.035,,,-9.99,,,,
10180007,2003.722441,32.165,64,,788,,781.0149,10.5675,3.9338,35.3632,147.25,-9.99,0.033,,,-9.99,,,,
10180007,2003.722441,32.165,64,,790,,782.9935,10.5161,3.9286,35.3591,147.43,-9.99,0.024,,,-9.99,,,,
10180007,2003.722441,32.165,64,,792,,784.972,10.4709,3.9239,35.3548,147.66,-9.99,0.03,,,-9.99,,,,
10180007,2003.722441,32.165,64,,794,,786.9505,10.4123,3.9179,35.3493,147.87,-9.99,0.032,,,-9.99,,,,
10180007,2003.722441,32.165,64,,796,,788.9289,10.3767,3.9144,35.3477,147.92,-9.99,0.027,,,-9.99,,,,
10180007,2003.722441,32.165,64,,798,,790.9074,10.347,3.9113,35.3441,147.7,-9.99,0.025,,,-9.99,,,,
10180007,2003.722441,32.165,64,,800,,792.8858,10.3095,3.9073,35.339,147.49,-9.99,0.025,,,-9.99,,,,
10180007,2003.722441,32.165,64,,802,,794.8642,10.2536,3.9012,35.3309,147.33,-9.99,0.026,,,-9.99,,,,
10180007,2003.722441,32.165,64,,804,,796.8426,10.1681,3.8921,35.3202,146.56,-9.99,0.028,,,-9.99,,,,
10180007,2003.722441,32.165,64,,806,,798.821,10.0868,3.8835,35.311,145.85,-9.99,0.033,,,-9.99,,,,
10180007,2003.722441,32.165,64,,808,,800.7993,10.0305,3.8774,35.3025,145.94,-9.99,0.027,,,-9.99,,,,
10180007,2003.722441,32.165,64,,810,,802.7777,,9.9315,3.867,35.2923,146.09,-9.99,0.029,,,-9.99,,,
10180007,2003.722441,32.165,64,,812,,804.756,,9.8572,3.8591,35.2829,146.37,-9.99,0.036,,,-9.99,,,
10180007,2003.722441,32.165,64,,814,,806.7343,,9.775,3.8509,35.2777,146.81,-9.99,0.033,,,-9.99,,,
10180007,2003.722441,32.165,64,,816,,808.7126,,9.7197,3.8453,35.2734,147.4,-9.99,0.021,,,-9.99,,,
10180007,2003.722441,32.165,64,,818,,810.6908,,9.6456,3.8378,35.2673,147.79,-9.99,0.015,,,-9.99,,,
10180007,2003.722441,32.165,64,,820,,812.6691,,9.5778,3.8308,35.2613,148.13,-9.99,0.024,,,-9.99,,,
10180007,2003.722441,32.165,64,,822,,814.6473,,9.5338,3.8264,35.2575,148.39,-9.99,0.032,,,-9.99,,,
10180007,2003.722441,32.165,64,,824,,816.6255,,9.5091,3.824,35.2562,148.51,-9.99,0.033,,,-9.99,,,
10180007,2003.722441,32.165,64,,826,,818.6037,,9.4878,3.8219,35.2546,148.62,-9.99,0.035,,,-9.99,,,
10180007,2003.722441,32.165,64,,828,,820.5818,,9.4588,3.819,35.2518,148.85,-9.99,0.031,,,-9.99,,,
10180007,2003.722441,32.165,64,,830,,822.56,,9.4208,3.8151,35.2477,149.17,-9.99,0.027,,,-9.99,,,
10180007,2003.722441,32.165,64,,832,,824.5381,,9.3673,3.8096,35.2427,149.45,-9.99,0.029,,,-9.99,,,
10180007,2003.722441,32.165,64,,834,,826.5162,,9.2891,3.8016,35.2356,149.8,-9.99,0.031,,,-9.99,,,
10180007,2003.722441,32.165,64,,836,,828.4943,,9.173,3.7896,35.2237,150.27,-9.99,0.027,,,-9.99,,,
10180007,2003.722441,32.165,64,,838,,830.4724,,9.1054,3.7826,35.2171,150.55,-9.99,0.02,,,-9.99,,,
10180007,2003.722441,32.165,64,,840,,832.4504,,9.0623,3.7782,35.2122,150.83,-9.99,0.025,,,-9.99,,,
10180007,2003.722441,32.165,64,,842,,834.4285,,9.0396,3.776,35.2106,151.16,-9.99,0.034,,,-9.99,,,
10180007,2003.722441,32.165,64,,844,,836.4065,,9.0174,3.7739,35.2097,151.36,-9.99,0.03,,,-9.99,,,
10180007,2003.722441,32.165,64,,846,,838.3845,,8.9887,3.7712,35.2092,151.66,-9.99,0.022,,,-9.99,,,
10180007,2003.722441,32.165,64,,848,,840.3624,,8.9437,3.7667,35.2058,152.09,-9.99,0.024,,,-9.99,,,
10180007,2003.722441,32.165,64,,850,,842.3404,,8.8996,3.7623,35.202,152.51,-9.99,0.029,,,-9.99,,,
10180007,2003.722441,32.165,64,,852,,844.3183,,8.8669,3.7591,35.1999,152.9,-9.99,0.031,,,-9.99,,,
10180007,2003.722441,32.165,64,,854,,846.2963,,8.8411,3.7566,35.1985,153.3,-9.99,0.03,,,-9.99,,,
10180007,2003.722441,32.165,64,,856,,848.2742,,8.8169,3.7544,35.1976,153.65,-9.99,0.027,,,-9.99,,,
10180007,2003.722441,32.165,64,,858,,850.2521,,8.7925,3.752,35.1965,154,-9.99,0.024,,,-9.99,,,
10180007,2003.722441,32.165,64,,860,,852.2299,,8.7637,3.7493,35.1949,154.37,-9.99,0.026,,,-9.99,,,
10180007,2003.722441,32.165,64,,862,,854.2078,,8.7267,3.7456,35.1925,154.7,-9.99,0.03,,,-9.99,,,
10180007,2003.722441,32.165,64,,864,,856.1856,,8.6917,3.7422,35.19,154.95,-9.99,0.033,,,-9.99,,,
10180007,2003.722441,32.165,64,,866,,858.1634,,8.6714,3.7402,35.1884,155.44,-9.99,0.036,,,-9.99,,,
10180007,2003.722441,32.165,64,,868,,860.1412,,8.6416,3.7373,35.1865,155.93,-9.99,0.036,,,-9.99,,,
10180007,2003.722441,32.165,64,,870,,862.119,,8.5842,3.7317,35.1832,156.58,-9.99,0.03,,,-9.99,,,
10180007,2003.722441,32.165,64,,872,,864.0967,,8.5475,3.7282,35.1818,156.93,-9.99,0.03,,,-9.99,,,
10180007,2003.722441,32.165,64,,874,,866.0744,,8.5271,3.7263,35.1803,157.31,-9.99,0.032,,,-9.99,,,
10180007,2003.722441,32.165,64,,876,,868.0522,,8.5044,3.724,35.1783,157.75,-9.99,0.033,,,-9.99,,,
10180007,2003.722441,32.165,64,,878,,870.0299,,8.4745,3.721,35.1751,158.16,-9.99,0.034,,,-9.99,,,
10180007,2003.722441,32.165,64,,880,,872.0075,,8.4206,3.7156,35.171,158.68,-9.99,0.035,,,-9.99,,,
10180007,2003.722441,32.165,64,,882,,873.9852,,8.3923,3.713,35.1703,159.07,-9.99,0.033,,,-9.99,,,
10180007,2003.722441,32.165,64,,884,,875.9628,,8.3751,3.7114,35.1696,159.42,-9.99,0.023,,,-9.99,,,
10180007,2003.722441,32.165,64,,886,,877.9404,,8.3199,3.7057,35.163,159.87,-9.99,0.027,,,-9.99,,,
10180007,2003.722441,32.165,64,,888,,879.9181,,8.2713,3.7011,35.1613,160.33,-9.99,0.029,,,-9.99,,,
10180007,2003.722441,32.165,64,,890,,881.8956,,8.2403,3.698,35.1587,160.58,-9.99,0.024,,,-9.99,,,
10180007,2003.722441,32.165,64,,892,,883.8732,,8.2338,3.6975,35.159,160.65,-9.99,0.022,,,-9.99,,,
10180007,2003.722441,32.165,64,,894,,885.8507,,8.1927,3.6933,35.1544,161.38,-9.99,0.03,,,-9.99,,,
10180007,2003.722441,32.165,64,,896,,887.8283,,8.1146,3.6853,35.1458,162.18,-9.99,0.032,,,-9.99,,,
10180007,2003.722441,32.165,64,,898,,889.8058,,8.0288,3.6769,35.1405,162.98,-9.99,0.027,,,-9.99,,,
10180007,2003.722441,32.165,64,,900,,891.7833,,7.9738,3.6715,35.1369,163.87,-9.99,0.027,,,-9.99,,,
10180007,2003.722441,32.165,64,,902,,893.7607,,7.9238,3.6666,35.1332,164.61,-9.99,0.028,,,-9.99,,,
10180007,2003.722441,32.165,64,,904,,895.7382,,7.8717,3.6616,35.1311,165.3,-9.99,0.026,,,-9.99,,,
10180007,2003.722441,32.165,64,,906,,897.7156,,7.8303,3.6577,35.129,166,-9.99,0.027,,,-9.99,,,
10180007,2003.722441,32.165,64,,908,,899.693,,7.7933,3.6542,35.1275,166.71,-9.99,0.033,,,-9.99,,,
10180007,2003.722441,32.165,64,,910,,901.6704,,7.7768,3.6526,35.1265,166.95,-9.99,0.028,,,-9.99,,,
10180007,2003.722441,32.165,64,,912,,903.6478,,7.7477,3.6499,35.1258,167.36,-9.99,0.023,,,-9.99,,,
10180007,2003.722441,32.165,64,,914,,905.6252,,7.7373,3.6491,35.126,167.7,-9.99,0.023,,,-9.99,,,
10180007,2003.722441,32.165,64,,916,,907.6025,,7.7149,3.6469,35.1241,168.13,-9.99,0.027,,,-9.99,,,
10180007,2003.722441,32.165,64,,918,,909.5798,,7.6747,3.6431,35.1228,168.71,-9.99,0.03,,,-9.99,,,
10180007,2003.722441,32.165,64,,920,,911.5571,,7.6492,3.6408,35.1223,169.1,-9.99,0.025,,,-9.99,,,
10180007,2003.722441,32.165,64,,922,,913.5344,,7.638,3.6398,35.122,169.33,-9.99,0.024,,,-9.99,,,
10180007,2003.722441,32.165,64,,924,,915.5117,,7.6276,3.6389,35.1217,169.65,-9.99,0.026,,,-9.99,,,
10180007,2003.722441,32.165,64,,926,,917.4889,,7.604,3.6367,35.1206,170.22,-9.99,0.028,,,-9.99,,,
10180007,2003.722441,32.165,64,,928,,919.4661,,7.5715,3.6336,35.1192,170.62,-9.99,0.029,,,-9.99,,,
10180007,2003.722441,32.165,64,,930,,921.4434,,7.5653,3.6332,35.1196,170.69,-9.99,0.027,,,-9.99,,,
10180007,2003.722441,32.165,64,,932,,923.4205,,7.5609,3.6329,35.1196,170.83,-9.99,0.027,,,-9.99,,,
10180007,2003.722441,32.165,64,,934,,925.3977,,7.5576,3.6326,35.1192,171.04,-9.99,0.029,,,-9.99,,,
10180007,2003.722441,32.165,64,,936,,927.3749,,7.5351,3.6305,35.1183,171.56,-9.99,0.031,,,-9.99,,,
10180007,2003.722441,32.165,64,,938,,929.352,,7.5079,3.628,35.1173,172.02,-9.99,0.031,,,-9.99,,,
10180007,2003.722441,32.165,64,,940,,931.3291,,7.4692,3.6244,35.1164,172.63,-9.99,0.032,,,-9.99,,,
10180007,2003.722441,32.165,64,,942,,933.3062,,7.466,3.6242,35.1168,172.68,-9.99,0.026,,,-9.99,,,
10180007,2003.722441,32.165,64,,944,,935.2833,,7.464,3.6241,35.117,172.87,-9.99,0.026,,,-9.99,,,
10180007,2003.722441,32.165,64,,946,,937.2603,,7.4579,3.6236,35.1168,173.14,-9.99,0.024,,,-9.99,,,
10180007,2003.722441,32.165,64,,948,,939.2374,,7.4391,3.622,35.1169,173.55,-9.99,0.023,,,-9.99,,,
10180007,2003.722441,32.165,64,,950,,941.2144,,7.4181,3.6201,35.1171,173.98,-9.99,0.025,,,-9.99,,,
10180007,2003.722441,32.165,64,,952,,943.1914,,7.3869,3.6173,35.1169,174.6,-9.99,0.035,,,-9.99,,,
10180007,2003.722441,32.165,64,,954,,945.1684,,7.3359,3.6125,35.1147,175.4,-9.99,0.031,,,-9.99,,,
10180007,2003.722441,32.165,64,,956,,947.1454,,7.2919,3.6084,35.1143,176.06,-9.99,0.025,,,-9.99,,,
10180007,2003.722441,32.165,64,,958,,949.1223,,7.2717,3.6066,35.114,176.37,-9.99,0.024,,,-9.99,,,
10180007,2003.722441,32.165,64,,960,,951.0992,,7.2571,3.6054,35.1148,176.49,-9.99,0.031,,,-9.99,,,
10180007,2003.722441,32.165,64,,962,,953.0761,,7.237,3.6038,35.1166,176.76,-9.99,0.03,,,-9.99,,,
10180007,2003.722441,32.165,64,,964,,955.053,,7.2299,3.6033,35.117,176.93,-9.99,0.026,,,-9.99,,,
10180007,2003.722441,32.165,64,,966,,957.0299,,7.2125,3.6018,35.1171,177.26,-9.99,0.033,,,-9.99,,,
10180007,2003.722441,32.165,64,,968,,959.0067,,7.1866,3.5995,35.1175,177.75,-9.99,0.022,,,-9.99,,,
10180007,2003.722441,32.165,64,,970,,960.9836,,7.1535,3.5965,35.1169,178.64,-9.99,0.021,,,-9.99,,,
10180007,2003.722441,32.165,64,,972,,962.9604,,7.1203,3.5935,35.1169,179.19,-9.99,0.022,,,-9.99,,,
10180007,2003.722441,32.165,64,,974,,964.9372,,7.0817,3.5899,35.1161,179.9,-9.99,0.021,,,-9.99,,,
10180007,2003.722441,32.165,64,,976,,966.914,,7.0655,3.5884,35.1152,180.41,-9.99,0.019,,,-9.99,,,
10180007,2003.722441,32.165,64,,978,,968.8907,,7.0388,3.5859,35.114,180.83,-9.99,0.022,,,-9.99,,,
10180007,2003.722441,32.165,64,,980,,970.8675,,7.0103,3.5834,35.1139,181.48,-9.99,0.021,,,-9.99,,,
10180007,2003.722441,32.165,64,,982,,972.8442,,6.9861,3.5811,35.1128,182.26,-9.99,0.023,,,-9.99,,,
10180007,2003.722441,32.165,64,,984,,974.8209,,6.959,3.5787,35.1128,182.71,-9.99,0.029,,,-9.99,,,
10180007,2003.722441,32.165,64,,986,,976.7976,,6.9303,3.576,35.1118,183.22,-9.99,0.027,,,-9.99,,,
10180007,2003.722441,32.165,64,,988,,978.7742,,6.9226,3.5755,35.1127,183.64,-9.99,0.027,,,-9.99,,,
10180007,2003.722441,32.165,64,,990,,980.7509,,6.9117,3.5745,35.1118,184.16,-9.99,0.018,,,-9.99,,,
10180007,2003.722441,32.165,64,,992,,982.7275,,6.8675,3.5703,35.1093,184.76,-9.99,0.022,,,-9.99,,,
10180007,2003.722441,32.165,64,,994,,984.7041,,6.8336,3.5672,35.1093,185.38,-9.99,0.015,,,-9.99,,,
10180007,2003.722441,32.165,64,,996,,986.6807,,6.8108,3.5652,35.1086,185.96,-9.99,0.017,,,-9.99,,,
10180007,2003.722441,32.165,64,,998,,988.6573,,6.782,3.5625,35.1077,186.52,-9.99,0.021,,,-9.99,,,
10180007,2003.722441,32.165,64,1000,,990.6338,,6.7643,3.5609,35.1073,187.04,-9.99,0.021,,,-9.99,,,,
10180007,2003.722441,32.165,64,1002,,992.6104,,6.7425,3.5589,35.1059,187.6,-9.99,0.021,,,-9.99,,,,
10180007,2003.722441,32.165,64,1004,,994.5869,,6.712,3.556,35.1044,188.29,-9.99,0.026,,,-9.99,,,,
10180007,2003.722441,32.165,64,1006,,996.5634,,6.6929,3.5543,35.1045,188.7,-9.99,0.032,,,-9.99,,,,
10180007,2003.722441,32.165,64,1008,,998.5399,,6.6848,3.5537,35.1048,188.88,-9.99,0.028,,,-9.99,,,,
10180007,2003.722441,32.165,64,1010,1000.5163,,6.6717,3.5526,35.1046,189.43,-9.99,0.026,,,-9.99,,,,,
10180007,2003.722441,32.165,64,1012,1002.4928,,6.6517,3.5508,35.104,190.14,-9.99,0.026,,,-9.99,,,,,
10180007,2003.722441,32.165,64,1014,1004.4692,,6.6063,3.5465,35.1025,190.79,-9.99,0.019,,,-9.99,,,,,
10180007,2003.722441,32.165,64,1016,1006.4456,,6.5746,3.5436,35.1018,191.12,-9.99,0.016,,,-9.99,,,,,
10180007,2003.722441,32.165,64,1018,1008.422,,6.5663,3.5429,35.1015,191.58,-9.99,0.017,,,-9.99,,,,,
10180007,2003.722441,32.165,64,1020,1010.3983,,6.5465,3.5411,35.1,192.07,-9.99,0.017,,,-9.99,,,,,
10180007,2003.722441,32.165,64,1022,1012.3747,,6.53,3.5396,35.0999,192.51,-9.99,0.019,,,-9.99,,,,,
10180007,2003.722441,32.165,64,1024,1014.351,,6.5131,3.538,35.098,193.15,-9.99,0.021,,,-9.99,,,,,
10180007,2003.722441,32.165,64,1026,1016.3273,,6.4734,3.5341,35.0944,193.89,-9.99,0.023,,,-9.99,,,,,
10180007,2003.722441,32.165,64,1028,1018.3036,,6.4455,3.5316,35.094,194.42,-9.99,0.024,,,-9.99,,,,,
10180007,2003.722441,32.165,64,1030,1020.2799,,6.417,3.5288,35.0915,195.13,-9.99,0.03,,,-9.99,,,,,
10180007,2003.722441,32.165,64,1032,1022.2561,,6.3973,3.5271,35.0918,195.5,-9.99,0.027,,,-9.99,,,,,
10180007,2003.722441,32.165,64,1034,1024.2324,,6.3777,3.5253,35.0912,195.83,-9.99,0.02,,,-9.99,,,,,
10180007,2003.722441,32.165,64,1036,1026.2086,,6.352,3.5229,35.0895,196.8,-9.99,0.024,,,-9.99,,,,,
10180007,2003.722441,32.165,64,1038,1028.1848,,6.3274,3.5205,35.0868,197.44,-9.99,0.021,,,-9.99,,,,,
10180007,2003.722441,32.165,64,1040,1030.161,,6.2867,3.5167,35.0851,198.11,-9.99,0.025,,,-9.99,,,,,
10180007,2003.722441,32.165,64,1042,1032.1371,,6.2697,3.5153,35.0859,198.62,-9.99,0.024,,,-9.99,,,,,
10180007,2003.722441,32.165,64,1044,1034.1133,,6.2602,3.5145,35.086,199.1,-9.99,0.02,,,-9.99,,,,,
10180007,2003.722441,32.165,64,1046,1036.0894,,6.2564,3.5142,35.0857,199.41,-9.99,0.021,,,-9.99,,,,,
10180007,2003.722441,32.165,64,1048,1038.0655,,6.2454,3.5133,35.0856,199.82,-9.99,0.03,,,-9.99,,,,,
10180007,2003.722441,32.165,64,1050,1040.0416,,6.2261,3.5117,35.0861,200.3,-9.99,0.028,,,-9.99,,,,,
10180007,2003.722441,32.165,64,1052,1042.0176,,6.2102,3.5105,35.0881,200.71,-9.99,0.018,,,-9.99,,,,,
10180007,2003.722441,32.165,64,1054,1043.9937,,6.2019,3.5098,35.088,201.18,-9.99,0.024,,,-9.99,,,,,
10180007,2003.722441,32.165,64,1056,1045.9697,,6.1712,3.5069,35.0867,201.73,-9.99,0.032,,,-9.99,,,,,
10180007,2003.722441,32.165,64,1058,1047.9457,,6.1455,3.5046,35.0864,202.26,-9.99,0.026,,,-9.99,,,,,
10180007,2003.722441,32.165,64,1060,1049.9217,,6.1224,3.5024,35.0846,202.77,-9.99,0.023,,,-9.99,,,,,
10180007,2003.722441,32.165,64,1062,1051.8977,,6.1046,3.5008,35.0831,203.16,-9.99,0.02,,,-9.99,,,,,
10180007,2003.722441,32.165,64,1064,1053.8737,,6.0878,3.4992,35.0819,203.66,-9.99,0.017,,,-9.99,,,,,
10180007,2003.722441,32.165,64,1066,1055.8496,,6.0847,3.4991,35.0827,203.97,-9.99,0.024,,,-9.99,,,,,
10180007,2003.722441,32.165,64,1068,1057.8255,,6.0764,3.4985,35.0832,204.3,-9.99,0.019,,,-9.99,,,,,
10180007,2003.722441,32.165,64,1070,1059.8014,,6.065,3.4975,35.0832,204.65,-9.99,0.016,,,-9.99,,,,,
10180007,2003.722441,32.165,64,1072,1061.7773,,6.0546,3.4966,35.0829,204.92,-9.99,0.018,,,-9.99,,,,,
10180007,2003.722441,32.165,64,1074,1063.7531,,6.0425,3.4955,35.0825,205.24,-9.99,0.021,,,-9.99,,,,,
10180007,2003.722441,32.165,64,1076,1065.729,,6.0267,3.4941,35.0818,205.81,-9.99,0.026,,,-9.99,,,,,
10180007,2003.722441,32.165,64,1078,1067.7048,,6.004,3.492,35.0804,206.43,-9.99,0.029,,,-9.99,,,,,
10180007,2003.722441,32.165,64,1080,1069.6806,,5.9588,3.4878,35.0792,207.19,-9.99,0.029,,,-9.99,,,,,
10180007,2003.722441,32.165,64,1082,1071.6564,,5.9289,3.4852,35.0792,207.76,-9.99,0.023,,,-9.99,,,,,
10180007,2003.722441,32.165,64,1084,1073.6322,,5.9173,3.4842,35.0789,208.11,-9.99,0.022,,,-9.99,,,,,
10180007,2003.722441,32.165,64,1086,1075.6079,,5.9048,3.4831,35.0784,208.45,-9.99,0.022,,,-9.99,,,,,
10180007,2003.722441,32.165,64,1088,1077.5837,,5.8896,3.4817,35.0774,208.81,-9.99,0.02,,,-9.99,,,,,
10180007,2003.722441,32.165,64,1090,1079.5594,,5.8725,3.4801,35.0762,209.31,-9.99,0.021,,,-9.99,,,,,
10180007,2003.722441,32.165,64,1092,1081.5351,,5.8577,3.4788,35.0752,209.7,-9.99,0.031,,,-9.99,,,,,
10180007,2003.722441,32.165,64,1094,1083.5107,,5.848,3.4779,35.0748,209.86,-9.99,0.03,,,-9.99,,,,,
10180007,2003.722441,32.165,64,1096,1085.4864,,5.8446,3.4777,35.0747,210.04,-9.99,0.028,,,-9.99,,,,,
10180007,2003.722441,32.165,64,1098,1087.462,,5.8386,3.4772,35.0739,210.22,-9.99,0.025,,,-9.99,,,,,
10180007,2003.722441,32.165,64,1100,1089.4376,,5.8148,3.4749,35.0719,210.62,-9.99,0.031,,,-9.99,,,,,
10180007,2003.722441,32.165,64,1102,1091.4132,,5.7952,3.4731,35.0704,211.09,-9.99,0.028,,,-9.99,,,,,
10180007,2003.722441,32.165,64,1104,1093.3888,,5.7603,3.4697,35.068,211.72,-9.99,0.027,,,-9.99,,,,,
10180007,2003.722441,32.165,64,1106,1095.3644,,5.7363,3.4676,35.0671,212.21,-9.99,0.03,,,-9.99,,,,,
10180007,2003.722441,32.165,64,1108,1097.3399,,5.7224,3.4663,35.0661,212.52,-9.99,0.023,,,-9.99,,,,,
10180007,2003.722441,32.165,64,1110,1099.3155,,5.704,3.4645,35.0641,212.77,-9.99,0.02,,,-9.99,,,,,
10180007,2003.722441,32.165,64,1112,1101.291,,5.6821,3.4625,35.063,213.14,-9.99,0.024,,,-9.99,,,,,
10180007,2003.722441,32.165,64,1114,1103.2665,,5.6706,3.4614,35.0619,213.49,-9.99,0.022,,,-9.99,,,,,
10180007,2003.722441,32.165,64,1116,1105.2419,,5.6474,3.4593,35.0601,213.84,-9.99,0.022,,,-9.99,,,,,
10180007,2003.722441,32.165,64,1118,1107.2174,,5.6392,3.4586,35.0602,213.94,-9.99,0.019,,,-9.99,,,,,
10180007,2003.722441,32.165,64,1120,1109.1928,,5.6329,3.4581,35.0605,214.13,-9.99,0.02,,,-9.99,,,,,
10180007,2003.722441,32.165,64,1122,1111.1682,,5.625,3.4575,35.0607,214.34,-9.99,0.021,,,-9.99,,,,,
10180007,2003.722441,32.165,64,1124,1113.1436,,5.6083,3.456,35.0599,214.86,-9.99,0.017,,,-9.99,,,,,
10180007,2003.722441,32.165,64,1126,1115.119,,5.6004,3.4555,35.0612,215.3,-9.99,0.02,,,-9.99,,,,,
10180007,2003.722441,32.165,64,1128,1117.0943,,5.5974,3.4555,35.0632,215.68,-9.99,0.025,,,-9.99,,,,,
10180007,2003.722441,32.165,64,1130,1119.0697,,5.5924,3.4553,35.0654,216.08,-9.99,0.025,,,-9.99,,,,,
10180007,2003.722441,32.165,64,1132,1121.045,,5.5911,3.4555,35.0675,216.37,-9.99,0.025,,,-9.99,,,,,
10180007,2003.722441,32.165,64,1134,1123.0203,,5.5956,3.4562,35.0707,216.48,-9.99,0.021,,,-9.99,,,,,
10180007,2003.722441,32.165,64,1136,1124.9956,,5.59,3.4558,35.071,216.75,-9.99,0.021,,,-9.99,,,,,
10180007,2003.722441,32.165,64,1138,1126.9709,,5.5659,3.4534,35.0669,217.32,-9.99,0.02,,,-9.99,,,,,
10180007,2003.722441,32.165,64,1140,1128.9461,,5.5259,3.4494,35.0625,217.86,-9.99,0.025,,,-9.99,,,,,
10180007,2003.722441,32.165,64,1142,1130.9213,,5.5269,3.4498,35.0651,218.14,-9.99,0.025,,,-9.99,,,,,
10180007,2003.722441,32.165,64,1144,1132.8965,,5.5438,3.4519,35.0702,218.26,-9.99,0.022,,,-9.99,,,,,
10180007,2003.722441,32.165,64,1146,1134.8717,,5.5494,3.4526,35.0715,218.42,-9.99,0.024,,,-9.99,,,,,
10180007,2003.722441,32.165,64,1148,1136.8469,,5.5433,3.4521,35.0708,218.55,-9.99,0.025,,,-9.99,,,,,
10180007,2003.722441,32.165,64,1150,1138.8221,,5.5333,3.4511,35.0694,218.67,-9.99,0.021,,,-9.99,,,,,
10180007,2003.722441,32.165,64,1152,1140.7972,,5.4984,3.4475,35.0637,219.09,-9.99,0.028,,,-9.99,,,,,
10180007,2003.722441,32.165,64,1154,1142.7723,,5.4526,3.4429,35.0577,219.71,-9.99,0.031,,,-9.99,,,,,
10180007,2003.722441,32.165,64,1156,1144.7474,,5.4156,3.4392,35.0532,220.32,-9.99,0.03,,,-9.99,,,,,
10180007,2003.722441,32.165,64,1158,1146.7225,,5.4084,3.4386,35.0523,220.62,-9.99,0.026,,,-9.99,,,,,
10180007,2003.722441,32.165,64,1160,1148.6975,,5.4083,3.4389,35.0544,220.78,-9.99,0.018,,,-9.99,,,,,
10180007,2003.722441,32.165,64,1162,1150.6726,,5.4284,3.4415,35.0623,220.85,-9.99,0.02,,,-9.99,,,,,
10180007,2003.722441,32.165,64,1164,1152.6476,,5.437,3.4425,35.0645,221.15,-9.99,0.021,,,-9.99,,,,,
10180007,2003.722441,32.165,64,1166,1154.6226,,5.4317,3.4422,35.0649,221.44,-9.99,0.02,,,-9.99,,,,,
10180007,2003.722441,32.165,64,1168,1156.5976,,5.4243,3.4416,35.065,221.63,-9.99,0.019,,,-9.99,,,,,
10180007,2003.722441,32.165,64,1170,1158.5726,,5.4205,3.4413,35.0652,221.85,-9.99,0.023,,,-9.99,,,,,
10180007,2003.722441,32.165,64,1172,1160.5475,,5.4179,3.4412,35.0655,222.1,-9.99,0.031,,,-9.99,,,,,
10180007,2003.722441,32.165,64,1174,1162.5224,,5.4098,3.4406,35.0656,222.19,-9.99,0.029,,,-9.99,,,,,
10180007,2003.722441,32.165,64,1176,1164.4974,,5.4028,3.44,35.0652,222.37,-9.99,0.023,,,-9.99,,,,,
10180007,2003.722441,32.165,64,1178,1166.4722,,5.3925,3.439,35.0638,222.73,-9.99,0.021,,,-9.99,,,,,
10180007,2003.722441,32.165,64,1180,1168.4471,,5.3725,3.4372,35.0626,223.02,-9.99,0.023,,,-9.99,,,,,
10180007,2003.722441,32.165,64,1182,1170.422,,5.3677,3.4368,35.0624,223.12,-9.99,0.02,,,-9.99,,,,,
10180007,2003.722441,32.165,64,1184,1172.3968,,5.3582,3.436,35.0618,223.43,-9.99,0.018,,,-9.99,,,,,
10180007,2003.722441,32.165,64,1186,1174.3716,,5.3434,3.4346,35.06,223.71,-9.99,0.022,,,-9.99,,,,,
10180007,2003.722441,32.165,64,1188,1176.3464,,5.3222,3.4326,35.0584,223.99,-9.99,0.021,,,-9.99,,,,,
10180007,2003.722441,32.165,64,1190,1178.3212,,5.3093,3.4314,35.0578,224.27,-9.99,0.022,,,-9.99,,,,,
10180007,2003.722441,32.165,64,1192,1180.296,,5.2989,3.4305,35.0568,224.46,-9.99,0.017,,,-9.99,,,,,
10180007,2003.722441,32.165,64,1194,1182.2707,,5.2905,3.4298,35.0564,224.68,-9.99,0.024,,,-9.99,,,,,
10180007,2003.722441,32.165,64,1196,1184.2454,,5.285,3.4293,35.0562,224.76,-9.99,0.025,,,-9.99,,,,,
10180007,2003.722441,32.165,64,1198,1186.2201,,5.2795,3.4289,35.0562,224.87,-9.99,0.025,,,-9.99,,,,,
10180007,2003.722441,32.165,64,1200,1188.1948,,5.2765,3.4288,35.057,225.03,-9.99,0.025,,,-9.99,,,,,
10180007,2003.722441,32.165,64,1202,1190.1695,,5.2753,3.4288,35.0574,225.15,-9.99,0.029,,,-9.99,,,,,
10180007,2003.722441,32.165,64,1204,1192.1442,,5.272,3.4286,35.0575,225.3,-9.99,0.029,,,-9.99,,,,,
10180007,2003.722441,32.165,64,1206,1194.1188,,5.2716,3.4287,35.0584,225.44,-9.99,0.03,,,-9.99,,,,,
10180007,2003.722441,32.165,64,1208,1196.0934,,5.2679,3.4285,35.0585,225.54,-9.99,0.032,,,-9.99,,,,,
10180007,2003.722441,32.165,64,1210,1198.068,,5.2586,3.4277,35.0575,225.74,-9.99,0.03,,,-9.99,,,,,
10180007,2003.722441,32.165,64,1212,1200.0426,,5.2507,3.427,35.0567,225.93,-9.99,0.027,,,-9.99,,,,,
10180007,2003.722441,32.165,64,1214,1202.0171,,5.2348,3.4255,35.0557,226.34,-9.99,0.026,,,-9.99,,,,,
10180008,2003.723132,31.535,63.595,,,,6,,,,5.9583,26.4101,5.679,36.6232,213.77,-9.99,0.042,,,-9.99
10180008,2003.723132,31.535,63.595,,,,8,,,,7.9444,26.3439,5.671,36.6169,213.85,-9.99,0.042,,,-9.99
10180008,2003.723132,31.535,63.595,,,10,,,,9.9305,26.308,5.6669,36.6151,213.73,-9.99,0.046,,,-9.99,
10180008,2003.723132,31.535,63.595,,,12,,,11.9165,26.2763,5.6638,36.6171,213.69,-9.99,0.051,,,-9.99,,
10180008,2003.723132,31.535,63.595,,,14,,,13.9025,26.2728,5.6636,36.6175,213.61,-9.99,0.05,,,-9.99,,
10180008,2003.723132,31.535,63.595,,,16,,,15.8885,26.2707,5.6636,36.6185,213.6,-9.99,0.043,,,-9.99,,
10180008,2003.723132,31.535,63.595,,,18,,,17.8745,26.2684,5.6635,36.6188,213.36,-9.99,0.043,,,-9.99,,
10180008,2003.723132,31.535,63.595,,,20,,,19.8605,26.2659,5.6634,36.6195,213.58,-9.99,0.046,,,-9.99,,
10180008,2003.723132,31.535,63.595,,,22,,,21.8464,26.2651,5.6635,36.6205,213.66,-9.99,0.049,,,-9.99,,
10180008,2003.723132,31.535,63.595,,,24,,,23.8323,26.2645,5.6636,36.6212,213.77,-9.99,0.045,,,-9.99,,
10180008,2003.723132,31.535,63.595,,,26,,,25.8182,26.2662,5.6642,36.6233,213.86,-9.99,0.044,,,-9.99,,
10180008,2003.723132,31.535,63.595,,,28,,,27.8041,26.2664,5.6645,36.6245,213.63,-9.99,0.047,,,-9.99,,
10180008,2003.723132,31.535,63.595,,,30,,,29.79,26.2662,5.6647,36.6255,212.56,-9.99,0.04,,,-9.99,,
10180008,2003.723132,31.535,63.595,,,32,,,31.7758,26.12,5.6439,36.5897,213.13,-9.99,0.048,,,-9.99,,
10180008,2003.723132,31.535,63.595,,,34,,,33.7617,25.5672,5.573,36.5107,214.02,-9.99,0.056,,,-9.99,,
10180008,2003.723132,31.535,63.595,,,36,,,35.7475,25.2769,5.5385,36.4879,214.04,-9.99,0.059,,,-9.99,,
10180008,2003.723132,31.535,63.595,,,38,,,37.7333,25.0907,5.518,36.4844,213.92,-9.99,0.062,,,-9.99,,
10180008,2003.723132,31.535,63.595,,,40,,,39.719,24.8782,5.4953,36.486,213.92,-9.99,0.065,,,-9.99,,
10180008,2003.723132,31.535,63.595,,,42,,,41.7048,24.4987,5.4556,36.4958,214.4,-9.99,0.071,,,-9.99,,
10180008,2003.723132,31.535,63.595,,,44,,,43.6905,24.3098,5.4369,36.5076,214.9,-9.99,0.077,,,-9.99,,
10180008,2003.723132,31.535,63.595,,,46,,,45.6762,24.2588,5.4321,36.5127,215.15,-9.99,0.079,,,-9.99,,
10180008,2003.723132,31.535,63.595,,,48,,,47.6619,24.1756,5.4243,36.5208,215.38,-9.99,0.08,,,-9.99,,
10180008,2003.723132,31.535,63.595,,,50,,,49.6476,24.1183,5.4183,36.5215,214.6,-9.99,0.079,,,-9.99,,
10180008,2003.723132,31.535,63.595,,,52,,,51.6332,23.9645,5.402,36.5229,213.95,-9.99,0.083,,,-9.99,,
10180008,2003.723132,31.535,63.595,,,54,,,53.6189,23.8515,5.391,36.5313,213.97,-9.99,0.091,,,-9.99,,
10180008,2003.723132,31.535,63.595,,,56,,,55.6045,23.691,5.3754,36.5433,213.95,-9.99,0.101,,,-9.99,,
10180008,2003.723132,31.535,63.595,,,58,,,57.5901,23.6684,5.3732,36.5444,214.08,-9.99,0.101,,,-9.99,,
10180008,2003.723132,31.535,63.595,,,60,,,59.5757,23.6026,5.3666,36.5476,214.1,-9.99,0.102,,,-9.99,,
10180008,2003.723132,31.535,63.595,,,62,,,61.5612,23.5526,5.3615,36.5487,214.19,-9.99,0.106,,,-9.99,,
10180008,2003.723132,31.535,63.595,,,64,,,63.5467,23.4754,5.3532,36.5485,214.17,-9.99,0.112,,,-9.99,,
10180008,2003.723132,31.535,63.595,,,66,,,65.5323,23.3872,5.3439,36.5488,214.01,-9.99,0.122,,,-9.99,,
10180008,2003.723132,31.535,63.595,,,68,,,67.5178,23.2367,5.328,36.5509,213.54,-9.99,0.137,,,-9.99,,
10180008,2003.723132,31.535,63.595,,,70,,,69.5032,23.0163,5.3057,36.5602,213.08,-9.99,0.162,,,-9.99,,
10180008,2003.723132,31.535,63.595,,,72,,,71.4887,22.8584,5.2893,36.564,212.4,-9.99,0.195,,,-9.99,,
10180008,2003.723132,31.535,63.595,,,74,,,73.4741,22.5845,5.2614,36.575,211.79,-9.99,0.247,,,-9.99,,
10180008,2003.723132,31.535,63.595,,,76,,,75.4596,22.381,5.2416,36.5895,211.44,-9.99,0.338,,,-9.99,,
10180008,2003.723132,31.535,63.595,,,78,,,77.445,22.1827,5.2208,36.5924,213.65,-9.99,0.43,,,-9.99,,
10180008,2003.723132,31.535,63.595,,,80,,,79.4304,21.9595,5.1973,36.5941,216.45,-9.99,0.45,,,-9.99,,
10180008,2003.723132,31.535,63.595,,,82,,,81.4157,21.8232,5.1843,36.6061,217.76,-9.99,0.442,,,-9.99,,
10180008,2003.723132,31.535,63.595,,,84,,,83.4011,21.6815,5.1698,36.6097,217.98,-9.99,0.356,,,-9.99,,
10180008,2003.723132,31.535,63.595,,,86,,,85.3864,21.5138,5.1525,36.6142,217.17,-9.99,0.282,,,-9.99,,
10180008,2003.723132,31.535,63.595,,,88,,,87.3717,21.3625,5.1364,36.6135,214.9,-9.99,0.288,,,-9.99,,
10180008,2003.723132,31.535,63.595,,,90,,,89.357,21.0451,5.1022,36.6094,213.51,-9.99,0.332,,,-9.99,,
10180008,2003.723132,31.535,63.595,,,92,,,91.3422,20.7627,5.0732,36.6162,212.83,-9.99,0.36,,,-9.99,,
10180008,2003.723132,31.535,63.595,,,94,,,93.3275,20.646,5.0614,36.6202,211.77,-9.99,0.336,,,-9.99,,
10180008,2003.723132,31.535,63.595,,,96,,,95.3127,20.512,5.0469,36.6176,211.04,-9.99,0.322,,,-9.99,,
10180008,2003.723132,31.535,63.595,,,98,,,97.2979,20.2177,5.0163,36.6212,210.09,-9.99,0.317,,,-9.99,,
10180008,2003.723132,31.535,63.595,,100,,,99.2831,19.9954,4.9938,36.6286,206.48,-9.99,0.32,,,-9.99,,,
10180008,2003.723132,31.535,63.595,,102,,101.2683,19.9096,4.9856,36.635,206.12,-9.99,0.24,,,-9.99,,,,
10180008,2003.723132,31.535,63.595,,104,,103.2535,19.8886,4.9836,36.6365,205.84,-9.99,0.224,,,-9.99,,,,
10180008,2003.723132,31.535,63.595,,106,,105.2386,19.8688,4.9818,36.6375,205.49,-9.99,0.213,,,-9.99,,,,
10180008,2003.723132,31.535,63.595,,108,,107.2237,19.7998,4.9747,36.6382,204.38,-9.99,0.2,,,-9.99,,,,
10180008,2003.723132,31.535,63.595,,110,,109.2088,19.7596,4.9705,36.6384,203.74,-9.99,0.194,,,-9.99,,,,
10180008,2003.723132,31.535,63.595,,112,,111.1939,19.6614,4.9602,36.6382,203.43,-9.99,0.187,,,-9.99,,,,
10180008,2003.723132,31.535,63.595,,114,,113.1789,19.5477,4.9485,36.6392,202.63,-9.99,0.178,,,-9.99,,,,
10180008,2003.723132,31.535,63.595,,116,,115.164,19.4944,4.9431,36.6403,202.4,-9.99,0.164,,,-9.99,,,,
10180008,2003.723132,31.535,63.595,,118,,117.149,19.4507,4.9388,36.6422,202.28,-9.99,0.141,,,-9.99,,,,
10180008,2003.723132,31.535,63.595,,120,,119.134,19.4059,4.9343,36.6438,202.33,-9.99,0.112,,,-9.99,,,,
10180008,2003.723132,31.535,63.595,,122,,121.119,19.3711,4.9308,36.6444,202.57,-9.99,0.085,,,-9.99,,,,
10180008,2003.723132,31.535,63.595,,124,,123.1039,19.3505,4.9285,36.6426,202.79,-9.99,0.075,,,-9.99,,,,
10180008,2003.723132,31.535,63.595,,126,,125.0889,19.3281,4.926,36.6407,203.04,-9.99,0.07,,,-9.99,,,,
10180008,2003.723132,31.535,63.595,,128,,127.0738,19.3163,4.9248,36.64,202.91,-9.99,0.066,,,-9.99,,,,
10180008,2003.723132,31.535,63.595,,130,,129.0587,19.3007,4.9231,36.6389,202.75,-9.99,0.061,,,-9.99,,,,
10180008,2003.723132,31.535,63.595,,132,,131.0436,19.2831,4.9212,36.6376,202.64,-9.99,0.059,,,-9.99,,,,
10180008,2003.723132,31.535,63.595,,134,,133.0284,19.2624,4.919,36.6363,202.55,-9.99,0.058,,,-9.99,,,,
10180008,2003.723132,31.535,63.595,,136,,135.0133,19.2499,4.9177,36.6359,202.53,-9.99,0.058,,,-9.99,,,,
10180008,2003.723132,31.535,63.595,,138,,136.9981,19.2244,4.9149,36.6343,202.64,-9.99,0.057,,,-9.99,,,,
10180008,2003.723132,31.535,63.595,,140,,138.9829,19.1974,4.9118,36.6314,202.74,-9.99,0.052,,,-9.99,,,,
10180008,2003.723132,31.535,63.595,,142,,140.9677,19.1799,4.9098,36.6295,203.16,-9.99,0.05,,,-9.99,,,,
10180008,2003.723132,31.535,63.595,,144,,142.9525,19.1517,4.9065,36.626,203.48,-9.99,0.047,,,-9.99,,,,
10180008,2003.723132,31.535,63.595,,146,,144.9372,19.1466,4.9061,36.626,202.86,-9.99,0.045,,,-9.99,,,,
10180008,2003.723132,31.535,63.595,,148,,146.9219,19.1338,4.9049,36.6268,202.64,-9.99,0.035,,,-9.99,,,,
10180008,2003.723132,31.535,63.595,,150,,148.9067,19.1195,4.9034,36.626,202.06,-9.99,0.049,,,-9.99,,,,
10180008,2003.723132,31.535,63.595,,152,,150.8913,19.0954,4.9009,36.6252,202.11,-9.99,0.038,,,-9.99,,,,
10180008,2003.723132,31.535,63.595,,154,,152.876,19.0638,4.8974,36.6226,202.24,-9.99,0.032,,,-9.99,,,,
10180008,2003.723132,31.535,63.595,,156,,154.8607,19.0323,4.8937,36.619,202.72,-9.99,0.031,,,-9.99,,,,
10180008,2003.723132,31.535,63.595,,158,,156.8453,19.0072,4.8909,36.6167,203.12,-9.99,0.033,,,-9.99,,,,
10180008,2003.723132,31.535,63.595,,160,,158.8299,18.988,4.8888,36.6153,203.31,-9.99,0.032,,,-9.99,,,,
10180008,2003.723132,31.535,63.595,,162,,160.8145,18.9744,4.8874,36.6146,203.62,-9.99,0.032,,,-9.99,,,,
10180008,2003.723132,31.535,63.595,,164,,162.7991,18.9664,4.8865,36.6138,203.76,-9.99,0.03,,,-9.99,,,,
10180008,2003.723132,31.535,63.595,,166,,164.7836,18.9542,4.8852,36.6127,203.92,-9.99,0.028,,,-9.99,,,,
10180008,2003.723132,31.535,63.595,,168,,166.7682,18.9435,4.8841,36.612,204.19,-9.99,0.032,,,-9.99,,,,
10180008,2003.723132,31.535,63.595,,170,,168.7527,18.9322,4.8829,36.6109,204.28,-9.99,0.036,,,-9.99,,,,
10180008,2003.723132,31.535,63.595,,172,,170.7372,18.9241,4.882,36.6101,204.26,-9.99,0.03,,,-9.99,,,,
10180008,2003.723132,31.535,63.595,,174,,172.7217,18.9127,4.8808,36.6089,204.38,-9.99,0.031,,,-9.99,,,,
10180008,2003.723132,31.535,63.595,,176,,174.7061,18.9022,4.8796,36.6079,204.53,-9.99,0.031,,,-9.99,,,,
10180008,2003.723132,31.535,63.595,,178,,176.6906,18.8927,4.8786,36.607,204.68,-9.99,0.033,,,-9.99,,,,
10180008,2003.723132,31.535,63.595,,180,,178.675,18.882,4.8775,36.606,204.85,-9.99,0.031,,,-9.99,,,,
10180008,2003.723132,31.535,63.595,,182,,180.6594,18.8725,4.8765,36.6051,205.07,-9.99,0.03,,,-9.99,,,,
10180008,2003.723132,31.535,63.595,,184,,182.6438,18.8627,4.8754,36.6041,205.24,-9.99,0.026,,,-9.99,,,,
10180008,2003.723132,31.535,63.595,,186,,184.6282,18.8557,4.8747,36.6036,204.78,-9.99,0.027,,,-9.99,,,,
10180008,2003.723132,31.535,63.595,,188,,186.6125,18.8466,4.8739,36.6041,204.35,-9.99,0.027,,,-9.99,,,,
10180008,2003.723132,31.535,63.595,,190,,188.5968,18.8394,4.8732,36.6036,204.37,-9.99,0.023,,,-9.99,,,,
10180008,2003.723132,31.535,63.595,,192,,190.5811,18.8307,4.8722,36.6027,204.62,-9.99,0.028,,,-9.99,,,,
10180008,2003.723132,31.535,63.595,,194,,192.5654,18.8231,4.8714,36.602,204.73,-9.99,0.028,,,-9.99,,,,
10180008,2003.723132,31.535,63.595,,196,,194.5497,18.8185,4.871,36.6018,204.79,-9.99,0.026,,,-9.99,,,,
10180008,2003.723132,31.535,63.595,,198,,196.5339,18.8159,4.8708,36.6017,204.87,-9.99,0.026,,,-9.99,,,,
10180008,2003.723132,31.535,63.595,,200,,198.5182,18.8133,4.8706,36.6014,204.94,-9.99,0.031,,,-9.99,,,,
10180008,2003.723132,31.535,63.595,,202,,200.5024,18.8026,4.8695,36.6004,205.23,-9.99,0.03,,,-9.99,,,,
10180008,2003.723132,31.535,63.595,,204,,202.4866,18.7891,4.868,36.5992,205.55,-9.99,0.026,,,-9.99,,,,
10180008,2003.723132,31.535,63.595,,206,,204.4708,18.7802,4.8671,36.5987,205.45,-9.99,0.024,,,-9.99,,,,
10180008,2003.723132,31.535,63.595,,208,,206.4549,18.7696,4.8661,36.5988,205.47,-9.99,0.025,,,-9.99,,,,
10180008,2003.723132,31.535,63.595,,210,,208.439,18.7658,4.8658,36.5986,205.58,-9.99,0.032,,,-9.99,,,,
10180008,2003.723132,31.535,63.595,,212,,210.4232,18.763,4.8655,36.5983,205.7,-9.99,0.033,,,-9.99,,,,
10180008,2003.723132,31.535,63.595,,214,,212.4073,18.7597,4.8652,36.5979,205.62,-9.99,0.027,,,-9.99,,,,
10180008,2003.723132,31.535,63.595,,216,,214.3913,18.7556,4.8648,36.5973,206.28,-9.99,0.029,,,-9.99,,,,
10180008,2003.723132,31.535,63.595,,218,,216.3754,18.7436,4.8635,36.5965,206.52,-9.99,0.032,,,-9.99,,,,
10180008,2003.723132,31.535,63.595,,220,,218.3594,18.7377,4.863,36.596,206.61,-9.99,0.022,,,-9.99,,,,
10180008,2003.723132,31.535,63.595,,222,,220.3435,18.7325,4.8625,36.5958,206.53,-9.99,0.024,,,-9.99,,,,
10180008,2003.723132,31.535,63.595,,224,,222.3275,18.7252,4.8617,36.5952,206.74,-9.99,0.028,,,-9.99,,,,
10180008,2003.723132,31.535,63.595,,226,,224.3114,18.7166,4.8608,36.5946,206.92,-9.99,0.028,,,-9.99,,,,
10180008,2003.723132,31.535,63.595,,228,,226.2954,18.7088,4.86,36.5935,207.22,-9.99,0.03,,,-9.99,,,,
10180008,2003.723132,31.535,63.595,,230,,228.2793,18.7052,4.8597,36.5934,207.15,-9.99,0.028,,,-9.99,,,,
10180008,2003.723132,31.535,63.595,,232,,230.2633,18.7017,4.8594,36.5933,207.12,-9.99,0.028,,,-9.99,,,,
10180008,2003.723132,31.535,63.595,,234,,232.2472,18.6958,4.8588,36.593,207.11,-9.99,0.029,,,-9.99,,,,
10180008,2003.723132,31.535,63.595,,236,,234.2311,18.6878,4.858,36.5923,207.06,-9.99,0.03,,,-9.99,,,,
10180008,2003.723132,31.535,63.595,,238,,236.2149,18.6751,4.8566,36.5912,206.94,-9.99,0.034,,,-9.99,,,,
10180008,2003.723132,31.535,63.595,,240,,238.1988,18.6685,4.856,36.5906,206.69,-9.99,0.031,,,-9.99,,,,
10180008,2003.723132,31.535,63.595,,242,,240.1826,18.6622,4.8553,36.59,206.42,-9.99,0.028,,,-9.99,,,,
10180008,2003.723132,31.535,63.595,,244,,242.1664,18.6552,4.8546,36.5894,206.09,-9.99,0.024,,,-9.99,,,,
10180008,2003.723132,31.535,63.595,,246,,244.1502,18.6482,4.8539,36.5888,205.88,-9.99,0.022,,,-9.99,,,,
10180008,2003.723132,31.535,63.595,,248,,246.134,18.6417,4.8532,36.5883,205.8,-9.99,0.021,,,-9.99,,,,
10180008,2003.723132,31.535,63.595,,250,,248.1177,18.6365,4.8527,36.5878,205.77,-9.99,0.022,,,-9.99,,,,
10180008,2003.723132,31.535,63.595,,252,,250.1015,18.6271,4.8517,36.587,205.61,-9.99,0.022,,,-9.99,,,,
10180008,2003.723132,31.535,63.595,,254,,252.0852,18.6251,4.8516,36.5867,205.27,-9.99,0.023,,,-9.99,,,,
10180008,2003.723132,31.535,63.595,,256,,254.0689,18.6165,4.8507,36.5856,204.85,-9.99,0.033,,,-9.99,,,,
10180008,2003.723132,31.535,63.595,,258,,256.0525,18.6098,4.8499,36.5848,204.35,-9.99,0.033,,,-9.99,,,,
10180008,2003.723132,31.535,63.595,,260,,258.0362,18.6026,4.8492,36.5841,203.79,-9.99,0.03,,,-9.99,,,,
10180008,2003.723132,31.535,63.595,,262,,260.0198,18.5936,4.8483,36.5833,203.25,-9.99,0.028,,,-9.99,,,,
10180008,2003.723132,31.535,63.595,,264,,262.0034,18.5893,4.8478,36.5828,203.3,-9.99,0.034,,,-9.99,,,,
10180008,2003.723132,31.535,63.595,,266,,263.987,18.5727,4.846,36.5809,203.02,-9.99,0.029,,,-9.99,,,,
10180008,2003.723132,31.535,63.595,,268,,265.9706,18.561,4.8447,36.5796,202.64,-9.99,0.026,,,-9.99,,,,
10180008,2003.723132,31.535,63.595,,270,,267.9542,18.548,4.8432,36.5781,202.46,-9.99,0.025,,,-9.99,,,,
10180008,2003.723132,31.535,63.595,,272,,269.9377,18.5364,4.8419,36.5765,202.83,-9.99,0.024,,,-9.99,,,,
10180008,2003.723132,31.535,63.595,,274,,271.9212,18.5218,4.8403,36.575,203.91,-9.99,0.023,,,-9.99,,,,
10180008,2003.723132,31.535,63.595,,276,,273.9048,18.5063,4.8386,36.5735,203.99,-9.99,0.024,,,-9.99,,,,
10180008,2003.723132,31.535,63.595,,278,,275.8882,18.4965,4.8376,36.5726,204.33,-9.99,0.024,,,-9.99,,,,
10180008,2003.723132,31.535,63.595,,280,,277.8717,18.4862,4.8364,36.5711,204.59,-9.99,0.029,,,-9.99,,,,
10180008,2003.723132,31.535,63.595,,282,,279.8551,18.468,4.8344,36.5696,204.25,-9.99,0.027,,,-9.99,,,,
10180008,2003.723132,31.535,63.595,,284,,281.8386,18.4636,4.834,36.5694,203.95,-9.99,0.023,,,-9.99,,,,
10180008,2003.723132,31.535,63.595,,286,,283.822,18.454,4.8329,36.5681,203.47,-9.99,0.017,,,-9.99,,,,
10180008,2003.723132,31.535,63.595,,288,,285.8054,18.4466,4.8322,36.5673,201.69,-9.99,0.033,,,-9.99,,,,
10180008,2003.723132,31.535,63.595,,290,,287.7887,18.4329,4.8306,36.5657,201.07,-9.99,0.033,,,-9.99,,,,
10180008,2003.723132,31.535,63.595,,292,,289.7721,18.4242,4.8297,36.5645,200.05,-9.99,0.025,,,-9.99,,,,
10180008,2003.723132,31.535,63.595,,294,,291.7554,18.4155,4.8287,36.5633,200.23,-9.99,0.019,,,-9.99,,,,
10180008,2003.723132,31.535,63.595,,296,,293.7387,18.4085,4.828,36.5626,200.48,-9.99,0.02,,,-9.99,,,,
10180008,2003.723132,31.535,63.595,,298,,295.722,18.4013,4.8272,36.5619,201.1,-9.99,0.024,,,-9.99,,,,
10180008,2003.723132,31.535,63.595,,300,,297.7053,18.3922,4.8263,36.5609,201.51,-9.99,0.029,,,-9.99,,,,
10180008,2003.723132,31.535,63.595,,302,,299.6886,18.3819,4.8251,36.5596,201.64,-9.99,0.032,,,-9.99,,,,
10180008,2003.723132,31.535,63.595,,304,,301.6718,18.3732,4.8241,36.558,201.34,-9.99,0.026,,,-9.99,,,,
10180008,2003.723132,31.535,63.595,,306,,303.655,18.3632,4.8231,36.5571,200.77,-9.99,0.023,,,-9.99,,,,
10180008,2003.723132,31.535,63.595,,308,,305.6382,18.3561,4.8224,36.5567,201.01,-9.99,0.025,,,-9.99,,,,
10180008,2003.723132,31.535,63.595,,310,,307.6214,18.3489,4.8216,36.5561,201.16,-9.99,0.028,,,-9.99,,,,
10180008,2003.723132,31.535,63.595,,312,,309.6045,18.3399,4.8207,36.5551,201.01,-9.99,0.026,,,-9.99,,,,
10180008,2003.723132,31.535,63.595,,314,,311.5877,18.334,4.8201,36.5545,200.83,-9.99,0.02,,,-9.99,,,,
10180008,2003.723132,31.535,63.595,,316,,313.5708,18.3244,4.819,36.5529,200.54,-9.99,0.022,,,-9.99,,,,
10180008,2003.723132,31.535,63.595,,318,,315.5539,18.3089,4.8172,36.5513,199.92,-9.99,0.024,,,-9.99,,,,
10180008,2003.723132,31.535,63.595,,320,,317.537,18.2941,4.8156,36.5493,198.99,-9.99,0.025,,,-9.99,,,,
10180008,2003.723132,31.535,63.595,,322,,319.52,18.2766,4.8136,36.5471,198.3,-9.99,0.024,,,-9.99,,,,
10180008,2003.723132,31.535,63.595,,324,,321.5031,18.2607,4.8118,36.5453,197.87,-9.99,0.024,,,-9.99,,,,
10180008,2003.723132,31.535,63.595,,326,,323.4861,18.2395,4.8094,36.5428,197.3,-9.99,0.022,,,-9.99,,,,
10180008,2003.723132,31.535,63.595,,328,,325.4691,18.2209,4.8073,36.5406,196.47,-9.99,0.026,,,-9.99,,,,
10180008,2003.723132,31.535,63.595,,330,,327.4521,18.2012,4.8049,36.5375,195.76,-9.99,0.026,,,-9.99,,,,
10180008,2003.723132,31.535,63.595,,332,,329.4351,18.182,4.8027,36.5346,195.1,-9.99,0.025,,,-9.99,,,,
10180008,2003.723132,31.535,63.595,,334,,331.418,18.163,4.8004,36.5316,194.94,-9.99,0.022,,,-9.99,,,,
10180008,2003.723132,31.535,63.595,,336,,333.401,18.1457,4.7985,36.53,194.89,-9.99,0.018,,,-9.99,,,,
10180008,2003.723132,31.535,63.595,,338,,335.3839,18.1347,4.7974,36.5294,194.72,-9.99,0.019,,,-9.99,,,,
10180008,2003.723132,31.535,63.595,,340,,337.3668,18.115,4.7951,36.5265,194.5,-9.99,0.02,,,-9.99,,,,
10180008,2003.723132,31.535,63.595,,342,,339.3496,18.0976,4.7931,36.524,194.32,-9.99,0.023,,,-9.99,,,,
10180008,2003.723132,31.535,63.595,,344,,341.3325,18.0745,4.7904,36.5207,193.85,-9.99,0.03,,,-9.99,,,,
10180008,2003.723132,31.535,63.595,,346,,343.3153,18.0589,4.7886,36.5186,193.91,-9.99,0.025,,,-9.99,,,,
10180008,2003.723132,31.535,63.595,,348,,345.2981,18.0546,4.7883,36.5187,194.16,-9.99,0.029,,,-9.99,,,,
10180008,2003.723132,31.535,63.595,,350,,347.2809,18.049,4.7877,36.5181,194.2,-9.99,0.025,,,-9.99,,,,
10180008,2003.723132,31.535,63.595,,352,,349.2637,18.0317,4.7857,36.5156,193.81,-9.99,0.021,,,-9.99,,,,
10180008,2003.723132,31.535,63.595,,354,,351.2465,18.0113,4.7833,36.5125,193.64,-9.99,0.017,,,-9.99,,,,
10180008,2003.723132,31.535,63.595,,356,,353.2292,17.9956,4.7815,36.5104,194.67,-9.99,0.023,,,-9.99,,,,
10180008,2003.723132,31.535,63.595,,358,,355.2119,17.9845,4.7804,36.5097,195.11,-9.99,0.026,,,-9.99,,,,
10180008,2003.723132,31.535,63.595,,360,,357.1946,17.971,4.7789,36.508,195.06,-9.99,0.026,,,-9.99,,,,
10180008,2003.723132,31.535,63.595,,362,,359.1773,17.9553,4.7771,36.5059,195.02,-9.99,0.033,,,-9.99,,,,
10180008,2003.723132,31.535,63.595,,364,,361.16,17.9308,4.7743,36.503,194.77,-9.99,0.027,,,-9.99,,,,
10180008,2003.723132,31.535,63.595,,366,,363.1426,17.9173,4.7728,36.5013,194.84,-9.99,0.021,,,-9.99,,,,
10180008,2003.723132,31.535,63.595,,368,,365.1252,17.8986,4.7706,36.4987,195.08,-9.99,0.02,,,-9.99,,,,
10180008,2003.723132,31.535,63.595,,370,,367.1078,17.8808,4.7686,36.4964,195.21,-9.99,0.025,,,-9.99,,,,
10180008,2003.723132,31.535,63.595,,372,,369.0904,17.8728,4.7677,36.4955,195.17,-9.99,0.025,,,-9.99,,,,
10180008,2003.723132,31.535,63.595,,374,,371.073,17.8657,4.7669,36.4943,195,-9.99,0.02,,,-9.99,,,,
10180008,2003.723132,31.535,63.595,,376,,373.0555,17.8463,4.7647,36.4913,194.72,-9.99,0.017,,,-9.99,,,,
10180008,2003.723132,31.535,63.595,,378,,375.0381,17.8226,4.7619,36.4879,194.41,-9.99,0.014,,,-9.99,,,,
10180008,2003.723132,31.535,63.595,,380,,377.0206,17.8084,4.7603,36.4858,193.85,-9.99,0.02,,,-9.99,,,,
10180008,2003.723132,31.535,63.595,,382,,379.0031,17.7816,4.7571,36.4819,193.62,-9.99,0.027,,,-9.99,,,,
10180008,2003.723132,31.535,63.595,,384,,380.9855,17.7702,4.7558,36.4803,193.63,-9.99,0.027,,,-9.99,,,,
10180008,2003.723132,31.535,63.595,,386,,382.968,17.7431,4.7527,36.4765,193.43,-9.99,0.034,,,-9.99,,,,
10180008,2003.723132,31.535,63.595,,388,,384.9504,17.7255,4.7507,36.4741,193.34,-9.99,0.028,,,-9.99,,,,
10180008,2003.723132,31.535,63.595,,390,,386.9328,17.7028,4.748,36.4705,193.1,-9.99,0.017,,,-9.99,,,,
10180008,2003.723132,31.535,63.595,,392,,388.9152,17.6819,4.7455,36.4672,192.71,-9.99,0.016,,,-9.99,,,,
10180008,2003.723132,31.535,63.595,,394,,390.8976,17.6571,4.7426,36.4638,192.35,-9.99,0.024,,,-9.99,,,,
10180008,2003.723132,31.535,63.595,,396,,392.88,17.6341,4.74,36.4607,192.42,-9.99,0.028,,,-9.99,,,,
10180008,2003.723132,31.535,63.595,,398,,394.8623,17.6208,4.7385,36.4589,192.46,-9.99,0.022,,,-9.99,,,,
10180008,2003.723132,31.535,63.595,,400,,396.8446,17.6142,4.7378,36.4578,192.29,-9.99,0.019,,,-9.99,,,,
10180008,2003.723132,31.535,63.595,,402,,398.8269,17.583,4.7341,36.453,192.07,-9.99,0.023,,,-9.99,,,,
10180008,2003.723132,31.535,63.595,,404,,400.8092,17.5601,4.7314,36.4499,191.85,-9.99,0.023,,,-9.99,,,,
10180008,2003.723132,31.535,63.595,,406,,402.7915,17.5396,4.7291,36.4476,191.5,-9.99,0.025,,,-9.99,,,,
10180008,2003.723132,31.535,63.595,,408,,404.7737,17.5365,4.7288,36.4472,191.49,-9.99,0.029,,,-9.99,,,,
10180008,2003.723132,31.535,63.595,,410,,406.7559,17.5244,4.7274,36.4452,191.53,-9.99,0.03,,,-9.99,,,,
10180008,2003.723132,31.535,63.595,,412,,408.7382,17.5098,4.7258,36.4432,191.46,-9.99,0.027,,,-9.99,,,,
10180008,2003.723132,31.535,63.595,,414,,410.7203,17.4908,4.7235,36.44,191.56,-9.99,0.027,,,-9.99,,,,
10180008,2003.723132,31.535,63.595,,416,,412.7025,17.4706,4.7212,36.4368,191.71,-9.99,0.025,,,-9.99,,,,
10180008,2003.723132,31.535,63.595,,418,,414.6847,17.4466,4.7184,36.4334,191.84,-9.99,0.025,,,-9.99,,,,
10180008,2003.723132,31.535,63.595,,420,,416.6668,17.4128,4.7144,36.4286,191.96,-9.99,0.02,,,-9.99,,,,
10180008,2003.723132,31.535,63.595,,422,,418.6489,17.3953,4.7125,36.4264,192.12,-9.99,0.022,,,-9.99,,,,
10180008,2003.723132,31.535,63.595,,424,,420.631,17.3884,4.7117,36.4251,191.93,-9.99,0.018,,,-9.99,,,,
10180008,2003.723132,31.535,63.595,,426,,422.6131,17.3755,4.7101,36.4226,191.68,-9.99,0.018,,,-9.99,,,,
10180008,2003.723132,31.535,63.595,,428,,424.5951,17.3556,4.7078,36.4194,191.46,-9.99,0.024,,,-9.99,,,,
10180008,2003.723132,31.535,63.595,,430,,426.5771,17.3366,4.7055,36.4155,191.52,-9.99,0.022,,,-9.99,,,,
10180008,2003.723132,31.535,63.595,,432,,428.5592,17.3072,4.702,36.4105,191.55,-9.99,0.021,,,-9.99,,,,
10180008,2003.723132,31.535,63.595,,434,,430.5412,17.2894,4.6999,36.408,191.13,-9.99,0.021,,,-9.99,,,,
10180008,2003.723132,31.535,63.595,,436,,432.5231,17.2817,4.6991,36.4072,190.77,-9.99,0.025,,,-9.99,,,,
10180008,2003.723132,31.535,63.595,,438,,434.5051,17.2583,4.6962,36.4023,190.85,-9.99,0.02,,,-9.99,,,,
10180008,2003.723132,31.535,63.595,,440,,436.487,17.2375,4.6938,36.3992,190.84,-9.99,0.021,,,-9.99,,,,
10180008,2003.723132,31.535,63.595,,442,,438.4689,17.2213,4.692,36.3972,190.73,-9.99,0.024,,,-9.99,,,,
10180008,2003.723132,31.535,63.595,,444,,440.4508,17.2083,4.6905,36.3948,190.6,-9.99,0.027,,,-9.99,,,,
10180008,2003.723132,31.535,63.595,,446,,442.4327,17.1931,4.6885,36.3908,190.51,-9.99,0.027,,,-9.99,,,,
10180008,2003.723132,31.535,63.595,,448,,444.4146,17.1801,4.687,36.3883,190.03,-9.99,0.034,,,-9.99,,,,
10180008,2003.723132,31.535,63.595,,450,,446.3964,17.1636,4.6851,36.3855,189.94,-9.99,0.035,,,-9.99,,,,
10180008,2003.723132,31.535,63.595,,452,,448.3783,17.1512,4.6836,36.3831,189.91,-9.99,0.032,,,-9.99,,,,
10180008,2003.723132,31.535,63.595,,454,,450.3601,17.1288,4.6809,36.3788,189.74,-9.99,0.027,,,-9.99,,,,
10180008,2003.723132,31.535,63.595,,456,,452.3418,17.1117,4.6789,36.3761,189.35,-9.99,0.026,,,-9.99,,,,
10180008,2003.723132,31.535,63.595,,458,,454.3236,17.0944,4.6768,36.3725,189.14,-9.99,0.032,,,-9.99,,,,
10180008,2003.723132,31.535,63.595,,460,,456.3054,17.0625,4.6729,36.3668,189.08,-9.99,0.032,,,-9.99,,,,
10180008,2003.723132,31.535,63.595,,462,,458.2871,17.042,4.6706,36.364,188.92,-9.99,0.027,,,-9.99,,,,
10180008,2003.723132,31.535,63.595,,464,,460.2688,17.0288,4.6691,36.3618,188.71,-9.99,0.026,,,-9.99,,,,
10180008,2003.723132,31.535,63.595,,466,,462.2505,17.0195,4.668,36.36,188.51,-9.99,0.027,,,-9.99,,,,
10180008,2003.723132,31.535,63.595,,468,,464.2322,17.0107,4.667,36.3586,188.3,-9.99,0.03,,,-9.99,,,,
10180008,2003.723132,31.535,63.595,,470,,466.2138,16.9997,4.6657,36.3562,188.06,-9.99,0.031,,,-9.99,,,,
10180008,2003.723132,31.535,63.595,,472,,468.1955,16.9754,4.6627,36.3511,187.93,-9.99,0.027,,,-9.99,,,,
10180008,2003.723132,31.535,63.595,,474,,470.1771,16.9501,4.6598,36.3473,187.54,-9.99,0.027,,,-9.99,,,,
10180008,2003.723132,31.535,63.595,,476,,472.1587,16.9318,4.6576,36.3442,187.17,-9.99,0.02,,,-9.99,,,,
10180008,2003.723132,31.535,63.595,,478,,474.1402,16.9033,4.6541,36.3385,187.07,-9.99,0.025,,,-9.99,,,,
10180008,2003.723132,31.535,63.595,,480,,476.1218,16.8689,4.6502,36.3343,187.05,-9.99,0.021,,,-9.99,,,,
10180008,2003.723132,31.535,63.595,,482,,478.1033,16.854,4.6485,36.3324,186.75,-9.99,0.025,,,-9.99,,,,
10180008,2003.723132,31.535,63.595,,484,,480.0849,16.8488,4.6479,36.331,186.45,-9.99,0.017,,,-9.99,,,,
10180008,2003.723132,31.535,63.595,,486,,482.0664,16.8195,4.6444,36.3254,186.26,-9.99,0.025,,,-9.99,,,,
10180008,2003.723132,31.535,63.595,,488,,484.0478,16.7731,4.6388,36.3178,185.87,-9.99,0.03,,,-9.99,,,,
10180008,2003.723132,31.535,63.595,,490,,486.0293,16.7454,4.6354,36.312,185.64,-9.99,0.018,,,-9.99,,,,
10180008,2003.723132,31.535,63.595,,492,,488.0108,16.7068,4.6308,36.3054,185.65,-9.99,0.02,,,-9.99,,,,
10180008,2003.723132,31.535,63.595,,494,,489.9922,16.6648,4.6257,36.2981,185.7,-9.99,0.025,,,-9.99,,,,
10180008,2003.723132,31.535,63.595,,496,,491.9736,16.6282,4.6214,36.2927,185.65,-9.99,0.027,,,-9.99,,,,
10180008,2003.723132,31.535,63.595,,498,,493.955,16.615,4.6199,36.2905,185.56,-9.99,0.024,,,-9.99,,,,
10180008,2003.723132,31.535,63.595,,500,,495.9363,16.5867,4.6166,36.2857,185.28,-9.99,0.03,,,-9.99,,,,
10180008,2003.723132,31.535,63.595,,502,,497.9177,16.5604,4.6134,36.2806,185.17,-9.99,0.028,,,-9.99,,,,
10180008,2003.723132,31.535,63.595,,504,,499.899,16.5189,4.6084,36.2737,185.14,-9.99,0.027,,,-9.99,,,,
10180008,2003.723132,31.535,63.595,,506,,501.8803,16.4942,4.6056,36.27,184.89,-9.99,0.026,,,-9.99,,,,
10180008,2003.723132,31.535,63.595,,508,,503.8616,16.4725,4.603,36.2664,184.52,-9.99,0.026,,,-9.99,,,,
10180008,2003.723132,31.535,63.595,,510,,505.8429,16.4537,4.6008,36.2626,184.45,-9.99,0.03,,,-9.99,,,,
10180008,2003.723132,31.535,63.595,,512,,507.8241,16.4338,4.5985,36.2595,184.03,-9.99,0.027,,,-9.99,,,,
10180008,2003.723132,31.535,63.595,,514,,509.8054,16.421,4.5969,36.2565,183.68,-9.99,0.023,,,-9.99,,,,
10180008,2003.723132,31.535,63.595,,516,,511.7866,16.3841,4.5923,36.2483,183.3,-9.99,0.017,,,-9.99,,,,
10180008,2003.723132,31.535,63.595,,518,,513.7678,16.3153,4.5841,36.2374,183.49,-9.99,0.024,,,-9.99,,,,
10180008,2003.723132,31.535,63.595,,520,,515.749,16.2949,4.5819,36.235,183.47,-9.99,0.023,,,-9.99,,,,
10180008,2003.723132,31.535,63.595,,522,,517.7301,16.2684,4.5788,36.2311,183.32,-9.99,0.018,,,-9.99,,,,
10180008,2003.723132,31.535,63.595,,524,,519.7113,16.2605,4.578,36.23,183.14,-9.99,0.02,,,-9.99,,,,
10180008,2003.723132,31.535,63.595,,526,,521.6924,16.2496,4.5767,36.2282,182.85,-9.99,0.024,,,-9.99,,,,
10180008,2003.723132,31.535,63.595,,528,,523.6735,16.2362,4.5751,36.2254,182.69,-9.99,0.021,,,-9.99,,,,
10180008,2003.723132,31.535,63.595,,530,,525.6546,16.2019,4.571,36.2191,182.65,-9.99,0.021,,,-9.99,,,,
10180008,2003.723132,31.535,63.595,,532,,527.6356,16.1597,4.566,36.2118,182.66,-9.99,0.019,,,-9.99,,,,
10180008,2003.723132,31.535,63.595,,534,,529.6167,16.1387,4.5636,36.2085,182.65,-9.99,0.019,,,-9.99,,,,
10180008,2003.723132,31.535,63.595,,536,,531.5977,16.1262,4.5622,36.2069,182.56,-9.99,0.023,,,-9.99,,,,
10180008,2003.723132,31.535,63.595,,538,,533.5787,16.1224,4.5618,36.2061,182.42,-9.99,0.024,,,-9.99,,,,
10180008,2003.723132,31.535,63.595,,540,,535.5597,16.1039,4.5594,36.2009,182.28,-9.99,0.024,,,-9.99,,,,
10180008,2003.723132,31.535,63.595,,542,,537.5407,16.0406,4.5518,36.1898,182.31,-9.99,0.023,,,-9.99,,,,
10180008,2003.723132,31.535,63.595,,544,,539.5216,16.0035,4.5476,36.1855,182.37,-9.99,0.022,,,-9.99,,,,
10180008,2003.723132,31.535,63.595,,546,,541.5026,15.9827,4.5452,36.1816,182.11,-9.99,0.021,,,-9.99,,,,
10180008,2003.723132,31.535,63.595,,548,,543.4835,15.9677,4.5435,36.1794,181.83,-9.99,0.024,,,-9.99,,,,
10180008,2003.723132,31.535,63.595,,550,,545.4644,15.9545,4.5419,36.1766,181.39,-9.99,0.036,,,-9.99,,,,
10180008,2003.723132,31.535,63.595,,552,,547.4452,15.9346,4.5396,36.1733,179.95,-9.99,0.029,,,-9.99,,,,
10180008,2003.723132,31.535,63.595,,554,,549.4261,15.9146,4.5371,36.1682,179.24,-9.99,0.022,,,-9.99,,,,
10180008,2003.723132,31.535,63.595,,556,,551.4069,15.8869,4.5337,36.1618,178.91,-9.99,0.019,,,-9.99,,,,
10180008,2003.723132,31.535,63.595,,558,,553.3878,15.8517,4.5289,36.1507,178.08,-9.99,0.023,,,-9.99,,,,
10180008,2003.723132,31.535,63.595,,560,,555.3686,15.7315,4.5147,36.1323,177.77,-9.99,0.025,,,-9.99,,,,
10180008,2003.723132,31.535,63.595,,562,,557.3493,15.6859,4.5094,36.1252,177.75,-9.99,0.02,,,-9.99,,,,
10180008,2003.723132,31.535,63.595,,564,,559.3301,15.6569,4.5062,36.1217,177.51,-9.99,0.023,,,-9.99,,,,
10180008,2003.723132,31.535,63.595,,566,,561.3108,15.6387,4.5042,36.1195,177.04,-9.99,0.028,,,-9.99,,,,
10180008,2003.723132,31.535,63.595,,568,,563.2916,15.6278,4.5029,36.1176,176.77,-9.99,0.028,,,-9.99,,,,
10180008,2003.723132,31.535,63.595,,570,,565.2723,15.6069,4.5005,36.1136,176.21,-9.99,0.022,,,-9.99,,,,
10180008,2003.723132,31.535,63.595,,572,,567.2529,15.574,4.4965,36.107,175.66,-9.99,0.026,,,-9.99,,,,
10180008,2003.723132,31.535,63.595,,574,,569.2336,15.5324,4.4913,36.0978,175.42,-9.99,0.03,,,-9.99,,,,
10180008,2003.723132,31.535,63.595,,576,,571.2143,15.4921,4.4869,36.0935,175.26,-9.99,0.029,,,-9.99,,,,
10180008,2003.723132,31.535,63.595,,578,,573.1949,15.4822,4.4858,36.0919,174.3,-9.99,0.024,,,-9.99,,,,
10180008,2003.723132,31.535,63.595,,580,,575.1755,15.4668,4.4839,36.0887,173.1,-9.99,0.018,,,-9.99,,,,
10180008,2003.723132,31.535,63.595,,582,,577.1561,15.4213,4.4783,36.0788,172.71,-9.99,0.018,,,-9.99,,,,
10180008,2003.723132,31.535,63.595,,584,,579.1367,15.365,4.4717,36.0691,172.21,-9.99,0.016,,,-9.99,,,,
10180008,2003.723132,31.535,63.595,,586,,581.1172,15.3187,4.4662,36.0613,171.85,-9.99,0.019,,,-9.99,,,,
10180008,2003.723132,31.535,63.595,,588,,583.0977,15.2661,4.46,36.0526,171.66,-9.99,0.025,,,-9.99,,,,
10180008,2003.723132,31.535,63.595,,590,,585.0783,15.2174,4.4543,36.0449,171.31,-9.99,0.025,,,-9.99,,,,
10180008,2003.723132,31.535,63.595,,592,,587.0588,15.1905,4.4512,36.0407,170.76,-9.99,0.02,,,-9.99,,,,
10180008,2003.723132,31.535,63.595,,594,,589.0392,15.1625,4.448,36.0359,170.08,-9.99,0.015,,,-9.99,,,,
10180008,2003.723132,31.535,63.595,,596,,591.0197,15.1064,4.4412,36.025,169.27,-9.99,0.024,,,-9.99,,,,
10180008,2003.723132,31.535,63.595,,598,,593.0001,15.0482,4.4343,36.0149,168.62,-9.99,0.028,,,-9.99,,,,
10180008,2003.723132,31.535,63.595,,600,,594.9806,14.957,4.4234,35.9983,167.88,-9.99,0.025,,,-9.99,,,,
10180008,2003.723132,31.535,63.595,,602,,596.961,14.8837,4.4147,35.9852,167.52,-9.99,0.021,,,-9.99,,,,
10180008,2003.723132,31.535,63.595,,604,,598.9413,14.8328,4.4089,35.978,167.16,-9.99,0.017,,,-9.99,,,,
10180008,2003.723132,31.535,63.595,,606,,600.9217,14.8083,4.4062,35.9755,166.96,-9.99,0.016,,,-9.99,,,,
10180008,2003.723132,31.535,63.595,,608,,602.902,14.7862,4.4037,35.9723,166.8,-9.99,0.021,,,-9.99,,,,
10180008,2003.723132,31.535,63.595,,610,,604.8824,14.771,4.4021,35.9704,166.38,-9.99,0.028,,,-9.99,,,,
10180008,2003.723132,31.535,63.595,,612,,606.8627,14.7581,4.4006,35.968,165.94,-9.99,0.027,,,-9.99,,,,
10180008,2003.723132,31.535,63.595,,614,,608.843,14.7317,4.3975,35.9627,165.76,-9.99,0.019,,,-9.99,,,,
10180008,2003.723132,31.535,63.595,,616,,610.8232,14.6945,4.3931,35.9563,165.51,-9.99,0.018,,,-9.99,,,,
10180008,2003.723132,31.535,63.595,,618,,612.8035,14.6637,4.3896,35.951,165.27,-9.99,0.026,,,-9.99,,,,
10180008,2003.723132,31.535,63.595,,620,,614.7837,14.6417,4.3871,35.9478,165.04,-9.99,0.027,,,-9.99,,,,
10180008,2003.723132,31.535,63.595,,622,,616.7639,14.6078,4.3831,35.9417,164.88,-9.99,0.025,,,-9.99,,,,
10180008,2003.723132,31.535,63.595,,624,,618.7441,14.5627,4.3778,35.9339,164.77,-9.99,0.032,,,-9.99,,,,
10180008,2003.723132,31.535,63.595,,626,,620.7243,14.5251,4.3737,35.9295,164.63,-9.99,0.035,,,-9.99,,,,
10180008,2003.723132,31.535,63.595,,628,,622.7044,14.5076,4.3717,35.9269,164.23,-9.99,0.033,,,-9.99,,,,
10180008,2003.723132,31.535,63.595,,630,,624.6846,14.4904,4.3697,35.9235,163.89,-9.99,0.028,,,-9.99,,,,
10180008,2003.723132,31.535,63.595,,632,,626.6647,14.4526,4.3652,35.9158,163.78,-9.99,0.021,,,-9.99,,,,
10180008,2003.723132,31.535,63.595,,634,,628.6448,14.3859,4.3575,35.9055,163.63,-9.99,0.023,,,-9.99,,,,
10180008,2003.723132,31.535,63.595,,636,,630.6249,14.3501,4.3535,35.9007,163.45,-9.99,0.02,,,-9.99,,,,
10180008,2003.723132,31.535,63.595,,638,,632.6049,14.3281,4.351,35.8975,163.29,-9.99,0.019,,,-9.99,,,,
10180008,2003.723132,31.535,63.595,,640,,634.585,14.2969,4.3474,35.892,162.95,-9.99,0.021,,,-9.99,,,,
10180008,2003.723132,31.535,63.595,,642,,636.565,14.2771,4.3452,35.8895,162.37,-9.99,0.019,,,-9.99,,,,
10180008,2003.723132,31.535,63.595,,644,,638.545,14.2513,4.3422,35.8844,162.09,-9.99,0.019,,,-9.99,,,,
10180008,2003.723132,31.535,63.595,,646,,640.525,14.1941,4.3355,35.8741,161.94,-9.99,0.023,,,-9.99,,,,
10180008,2003.723132,31.535,63.595,,648,,642.5049,14.1442,4.3298,35.867,161.66,-9.99,0.024,,,-9.99,,,,
10180008,2003.723132,31.535,63.595,,650,,644.4849,14.1099,4.3259,35.8619,160.99,-9.99,0.025,,,-9.99,,,,
10180008,2003.723132,31.535,63.595,,652,,646.4648,14.0754,4.3218,35.8552,160.03,-9.99,0.025,,,-9.99,,,,
10180008,2003.723132,31.535,63.595,,654,,648.4447,13.9968,4.3122,35.8377,159.19,-9.99,0.015,,,-9.99,,,,
10180008,2003.723132,31.535,63.595,,656,,650.4246,13.9044,4.302,35.8273,159.04,-9.99,0.02,,,-9.99,,,,
10180008,2003.723132,31.535,63.595,,658,,652.4045,13.8491,4.2957,35.8192,158.57,-9.99,0.022,,,-9.99,,,,
10180008,2003.723132,31.535,63.595,,660,,654.3843,13.8061,4.2908,35.8127,158.06,-9.99,0.021,,,-9.99,,,,
10180008,2003.723132,31.535,63.595,,662,,656.3642,13.7706,4.2868,35.8071,157.65,-9.99,0.023,,,-9.99,,,,
10180008,2003.723132,31.535,63.595,,664,,658.344,13.7225,4.2813,35.7994,157.29,-9.99,0.027,,,-9.99,,,,
10180008,2003.723132,31.535,63.595,,666,,660.3238,13.6875,4.2773,35.7939,157.09,-9.99,0.027,,,-9.99,,,,
10180008,2003.723132,31.535,63.595,,668,,662.3036,13.6458,4.2726,35.7874,156.85,-9.99,0.025,,,-9.99,,,,
10180008,2003.723132,31.535,63.595,,670,,664.2833,13.6183,4.2695,35.7835,156.62,-9.99,0.024,,,-9.99,,,,
10180008,2003.723132,31.535,63.595,,672,,666.2631,13.5866,4.2659,35.7783,156.05,-9.99,0.027,,,-9.99,,,,
10180008,2003.723132,31.535,63.595,,674,,668.2428,13.5564,4.2625,35.774,155.57,-9.99,0.032,,,-9.99,,,,
10180008,2003.723132,31.535,63.595,,676,,670.2225,13.5124,4.2574,35.7659,155.26,-9.99,0.026,,,-9.99,,,,
10180008,2003.723132,31.535,63.595,,678,,672.2022,13.4573,4.2512,35.7578,154.8,-9.99,0.022,,,-9.99,,,,
10180008,2003.723132,31.535,63.595,,680,,674.1818,13.4104,4.2459,35.7511,154.24,-9.99,0.026,,,-9.99,,,,
10180008,2003.723132,31.535,63.595,,682,,676.1615,13.3617,4.2403,35.7426,153.99,-9.99,0.028,,,-9.99,,,,
10180008,2003.723132,31.535,63.595,,684,,678.1411,13.2982,4.2332,35.7343,153.54,-9.99,0.032,,,-9.99,,,,
10180008,2003.723132,31.535,63.595,,686,,680.1207,13.2583,4.2287,35.7281,153.2,-9.99,0.033,,,-9.99,,,,
10180008,2003.723132,31.535,63.595,,688,,682.1003,13.198,4.2217,35.717,153.23,-9.99,0.024,,,-9.99,,,,
10180008,2003.723132,31.535,63.595,,690,,684.0799,13.1449,4.216,35.712,153.22,-9.99,0.019,,,-9.99,,,,
10180008,2003.723132,31.535,63.595,,692,,686.0594,13.1309,4.2146,35.7107,152.78,-9.99,0.025,,,-9.99,,,,
10180008,2003.723132,31.535,63.595,,694,,688.0389,13.0921,4.21,35.703,152.54,-9.99,0.014,,,-9.99,,,,
10180008,2003.723132,31.535,63.595,,696,,690.0185,13.0343,4.2036,35.6955,152.43,-9.99,0.02,,,-9.99,,,,
10180008,2003.723132,31.535,63.595,,698,,691.9979,12.9488,4.194,35.6837,152.3,-9.99,0.018,,,-9.99,,,,
10180008,2003.723132,31.535,63.595,,700,,693.9774,12.8939,4.1879,35.6761,152.02,-9.99,0.019,,,-9.99,,,,
10180008,2003.723132,31.535,63.595,,702,,695.9569,12.8563,4.1838,35.6707,152.06,-9.99,0.017,,,-9.99,,,,
10180008,2003.723132,31.535,63.595,,704,,697.9363,12.8191,4.1796,35.6656,152.61,-9.99,0.021,,,-9.99,,,,
10180008,2003.723132,31.535,63.595,,706,,699.9157,12.7359,4.1704,35.6547,153.17,-9.99,0.019,,,-9.99,,,,
10180008,2003.723132,31.535,63.595,,708,,701.8951,12.6568,4.162,35.6472,153.37,-9.99,0.016,,,-9.99,,,,
10180008,2003.723132,31.535,63.595,,710,,703.8745,12.6178,4.1578,35.6428,153.33,-9.99,0.025,,,-9.99,,,,
10180008,2003.723132,31.535,63.595,,712,,705.8539,12.5641,4.1518,35.6357,153.34,-9.99,0.025,,,-9.99,,,,
10180008,2003.723132,31.535,63.595,,714,,707.8332,12.5199,4.1471,35.6306,153.46,-9.99,0.021,,,-9.99,,,,
10180008,2003.723132,31.535,63.595,,716,,709.8125,12.4682,4.1414,35.624,153.54,-9.99,0.018,,,-9.99,,,,
10180008,2003.723132,31.535,63.595,,718,,711.7918,12.4342,4.1378,35.6205,153.47,-9.99,0.017,,,-9.99,,,,
10180008,2003.723132,31.535,63.595,,720,,713.7711,12.4,4.134,35.6151,153.38,-9.99,0.018,,,-9.99,,,,
10180008,2003.723132,31.535,63.595,,722,,715.7504,12.3414,4.1275,35.6072,153.45,-9.99,0.028,,,-9.99,,,,
10180008,2003.723132,31.535,63.595,,724,,717.7296,12.2933,4.1224,35.6022,153.43,-9.99,0.035,,,-9.99,,,,
10180008,2003.723132,31.535,63.595,,726,,719.7089,12.2421,4.1169,35.5963,153.21,-9.99,0.036,,,-9.99,,,,
10180008,2003.723132,31.535,63.595,,728,,721.6881,12.2083,4.1132,35.5917,153,-9.99,0.023,,,-9.99,,,,
10180008,2003.723132,31.535,63.595,,730,,723.6673,12.1255,4.104,35.5799,152.72,-9.99,0.02,,,-9.99,,,,
10180008,2003.723132,31.535,63.595,,732,,725.6464,12.0551,4.0962,35.5704,152.49,-9.99,0.017,,,-9.99,,,,
10180008,2003.723132,31.535,63.595,,734,,727.6256,11.9984,4.0899,35.5624,152.34,-9.99,0.015,,,-9.99,,,,
10180008,2003.723132,31.535,63.595,,736,,729.6047,11.93,4.0824,35.5534,152.29,-9.99,0.018,,,-9.99,,,,
10180008,2003.723132,31.535,63.595,,738,,731.5838,11.8733,4.0763,35.5463,152.12,-9.99,0.021,,,-9.99,,,,
10180008,2003.723132,31.535,63.595,,740,,733.5629,11.8357,4.0722,35.5417,151.9,-9.99,0.026,,,-9.99,,,,
10180008,2003.723132,31.535,63.595,,742,,735.542,11.795,4.0678,35.5363,151.64,-9.99,0.028,,,-9.99,,,,
10180008,2003.723132,31.535,63.595,,744,,737.5211,11.7317,4.0609,35.5278,151.18,-9.99,0.025,,,-9.99,,,,
10180008,2003.723132,31.535,63.595,,746,,739.5001,11.6777,4.055,35.5207,150.74,-9.99,0.029,,,-9.99,,,,
10180008,2003.723132,31.535,63.595,,748,,741.4791,11.6157,4.0481,35.5108,150.46,-9.99,0.024,,,-9.99,,,,
10180008,2003.723132,31.535,63.595,,750,,743.4581,11.5321,4.0389,35.4996,149.89,-9.99,0.027,,,-9.99,,,,
10180008,2003.723132,31.535,63.595,,752,,745.4371,11.4616,4.0311,35.4894,149.34,-9.99,0.023,,,-9.99,,,,
10180008,2003.723132,31.535,63.595,,754,,747.4161,11.3932,4.0234,35.4777,148.93,-9.99,0.014,,,-9.99,,,,
10180008,2003.723132,31.535,63.595,,756,,749.395,11.326,4.016,35.468,148.54,-9.99,0.02,,,-9.99,,,,
10180008,2003.723132,31.535,63.595,,758,,751.374,11.2621,4.0089,35.4583,148.35,-9.99,0.022,,,-9.99,,,,
10180008,2003.723132,31.535,63.595,,760,,753.3529,11.2071,4.003,35.4516,148.2,-9.99,0.024,,,-9.99,,,,
10180008,2003.723132,31.535,63.595,,762,,755.3318,11.148,3.9971,35.4483,147.96,-9.99,0.027,,,-9.99,,,,
10180008,2003.723132,31.535,63.595,,764,,757.3106,11.1169,3.9937,35.4439,147.85,-9.99,0.021,,,-9.99,,,,
10180008,2003.723132,31.535,63.595,,766,,759.2895,11.0654,3.9884,35.4399,147.63,-9.99,0.016,,,-9.99,,,,
10180008,2003.723132,31.535,63.595,,768,,761.2683,11.0441,3.9862,35.4369,147.26,-9.99,0.024,,,-9.99,,,,
10180008,2003.723132,31.535,63.595,,770,,763.2471,11.0109,3.9825,35.4319,147.16,-9.99,0.029,,,-9.99,,,,
10180008,2003.723132,31.535,63.595,,772,,765.2259,10.9501,3.9761,35.4248,147.2,-9.99,0.028,,,-9.99,,,,
10180008,2003.723132,31.535,63.595,,774,,767.2047,10.9202,3.9731,35.4231,147.25,-9.99,0.03,,,-9.99,,,,
10180008,2003.723132,31.535,63.595,,776,,769.1835,10.9149,3.9727,35.423,147.17,-9.99,0.034,,,-9.99,,,,
10180008,2003.723132,31.535,63.595,,778,,771.1622,10.9122,3.9725,35.423,147.05,-9.99,0.037,,,-9.99,,,,
10180008,2003.723132,31.535,63.595,,780,,773.1409,10.9084,3.9722,35.4225,146.97,-9.99,0.031,,,-9.99,,,,
10180008,2003.723132,31.535,63.595,,782,,775.1196,10.8966,3.9709,35.4204,146.91,-9.99,0.023,,,-9.99,,,,
10180008,2003.723132,31.535,63.595,,784,,777.0983,10.8723,3.9683,35.4173,146.89,-9.99,0.027,,,-9.99,,,,
10180008,2003.723132,31.535,63.595,,786,,779.077,10.8427,3.9653,35.4143,146.68,-9.99,0.032,,,-9.99,,,,
10180008,2003.723132,31.535,63.595,,788,,781.0556,10.8262,3.9635,35.4115,146.46,-9.99,0.026,,,-9.99,,,,
10180008,2003.723132,31.535,63.595,,790,,783.0342,10.7763,3.958,35.4037,146.48,-9.99,0.032,,,-9.99,,,,
10180008,2003.723132,31.535,63.595,,792,,785.0129,10.697,3.9495,35.3937,146.53,-9.99,0.028,,,-9.99,,,,
10180008,2003.723132,31.535,63.595,,794,,786.9914,10.6391,3.9433,35.3868,146.45,-9.99,0.028,,,-9.99,,,,
10180008,2003.723132,31.535,63.595,,796,,788.97,10.6053,3.9397,35.3823,146.29,-9.99,0.03,,,-9.99,,,,
10180008,2003.723132,31.535,63.595,,798,,790.9486,10.5599,3.9346,35.3739,146.2,-9.99,0.033,,,-9.99,,,,
10180008,2003.723132,31.535,63.595,,800,,792.9271,10.5011,3.9281,35.3641,146.07,-9.99,0.034,,,-9.99,,,,
10180008,2003.723132,31.535,63.595,,802,,794.9056,10.4485,3.9224,35.3571,145.93,-9.99,0.031,,,-9.99,,,,
10180008,2003.723132,31.535,63.595,,804,,796.8841,10.3867,3.9157,35.3484,145.87,-9.99,0.031,,,-9.99,,,,
10180008,2003.723132,31.535,63.595,,806,,798.8626,10.3368,3.9106,35.344,145.73,-9.99,0.024,,,-9.99,,,,
10180008,2003.723132,31.535,63.595,,808,,800.841,10.2902,3.9056,35.3371,145.42,-9.99,0.031,,,-9.99,,,,
10180008,2003.723132,31.535,63.595,,810,,802.8195,10.2137,3.8974,35.3279,145.48,-9.99,0.039,,,-9.99,,,,
10180008,2003.723132,31.535,63.595,,812,,804.7979,10.1389,3.8896,35.3203,145.58,-9.99,0.032,,,-9.99,,,,
10180008,2003.723132,31.535,63.595,,814,,806.7763,10.1002,3.8858,35.3177,145.52,-9.99,0.036,,,-9.99,,,,
10180008,2003.723132,31.535,63.595,,816,,808.7547,10.0743,3.8832,35.3153,145.47,-9.99,0.031,,,-9.99,,,,
10180008,2003.723132,31.535,63.595,,818,,810.733,10.0273,3.8781,35.3084,145.56,-9.99,0.023,,,-9.99,,,,
10180008,2003.723132,31.535,63.595,,820,,812.7114,,9.9334,3.8683,35.2991,145.79,-9.99,0.035,,,-9.99,,,
10180008,2003.723132,31.535,63.595,,822,,814.6897,,9.9046,3.8654,35.2966,145.76,-9.99,0.031,,,-9.99,,,
10180008,2003.723132,31.535,63.595,,824,,816.668,,9.8821,3.8631,35.2943,145.79,-9.99,0.026,,,-9.99,,,
10180008,2003.723132,31.535,63.595,,826,,818.6463,,9.843,3.859,35.289,145.8,-9.99,0.027,,,-9.99,,,
10180008,2003.723132,31.535,63.595,,828,,820.6246,,9.803,3.8549,35.2851,145.9,-9.99,0.03,,,-9.99,,,
10180008,2003.723132,31.535,63.595,,830,,822.6028,,9.7455,3.8489,35.2786,146.04,-9.99,0.03,,,-9.99,,,
10180008,2003.723132,31.535,63.595,,832,,824.581,,9.68,3.842,35.2714,146.24,-9.99,0.035,,,-9.99,,,
10180008,2003.723132,31.535,63.595,,834,,826.5593,,9.6282,3.8369,35.2679,146.56,-9.99,0.026,,,-9.99,,,
10180008,2003.723132,31.535,63.595,,836,,828.5375,,9.6,3.8339,35.2646,146.73,-9.99,0.028,,,-9.99,,,
10180008,2003.723132,31.535,63.595,,838,,830.5156,,9.5684,3.8308,35.2626,146.87,-9.99,0.025,,,-9.99,,,
10180008,2003.723132,31.535,63.595,,840,,832.4938,,9.5531,3.8294,35.2616,146.84,-9.99,0.029,,,-9.99,,,
10180008,2003.723132,31.535,63.595,,842,,834.4719,,9.5391,3.828,35.2605,146.88,-9.99,0.022,,,-9.99,,,
10180008,2003.723132,31.535,63.595,,844,,836.45,,9.5209,3.8262,35.2589,147.03,-9.99,0.02,,,-9.99,,,
10180008,2003.723132,31.535,63.595,,846,,838.4281,,9.4889,3.8229,35.2551,147.32,-9.99,0.024,,,-9.99,,,
10180008,2003.723132,31.535,63.595,,848,,840.4062,,9.4312,3.817,35.2492,147.7,-9.99,0.027,,,-9.99,,,
10180008,2003.723132,31.535,63.595,,850,,842.3843,,9.3841,3.8122,35.2453,147.95,-9.99,0.029,,,-9.99,,,
10180008,2003.723132,31.535,63.595,,852,,844.3623,,9.3407,3.8078,35.2417,148.3,-9.99,0.035,,,-9.99,,,
10180008,2003.723132,31.535,63.595,,854,,846.3403,,9.2924,3.803,35.2381,148.67,-9.99,0.034,,,-9.99,,,
10180008,2003.723132,31.535,63.595,,856,,848.3184,,9.2637,3.8002,35.2363,148.85,-9.99,0.027,,,-9.99,,,
10180008,2003.723132,31.535,63.595,,858,,850.2963,,9.255,3.7994,35.2359,148.87,-9.99,0.03,,,-9.99,,,
10180008,2003.723132,31.535,63.595,,860,,852.2743,,9.2474,3.7988,35.2354,148.84,-9.99,0.026,,,-9.99,,,
10180008,2003.723132,31.535,63.595,,862,,854.2523,,9.2244,3.7963,35.2316,148.99,-9.99,0.023,,,-9.99,,,
10180008,2003.723132,31.535,63.595,,864,,856.2302,,9.181,3.7918,35.2268,149.35,-9.99,0.022,,,-9.99,,,
10180008,2003.723132,31.535,63.595,,866,,858.2081,,9.1106,3.7846,35.22,149.92,-9.99,0.019,,,-9.99,,,
10180008,2003.723132,31.535,63.595,,868,,860.186,,9.0189,3.7753,35.2118,150.56,-9.99,0.02,,,-9.99,,,
10180008,2003.723132,31.535,63.595,,870,,862.1639,,8.9876,3.7723,35.2111,150.88,-9.99,0.036,,,-9.99,,,
10180008,2003.723132,31.535,63.595,,872,,864.1417,,8.9779,3.7715,35.211,150.9,-9.99,0.031,,,-9.99,,,
10180008,2003.723132,31.535,63.595,,874,,866.1196,,8.9706,3.7709,35.2108,150.96,-9.99,0.03,,,-9.99,,,
10180008,2003.723132,31.535,63.595,,876,,868.0974,,8.9528,3.7691,35.209,151.17,-9.99,0.036,,,-9.99,,,
10180008,2003.723132,31.535,63.595,,878,,870.0752,,8.8918,3.7629,35.2036,151.72,-9.99,0.036,,,-9.99,,,
10180008,2003.723132,31.535,63.595,,880,,872.0529,,8.835,3.7573,35.1993,152.25,-9.99,0.036,,,-9.99,,,
10180008,2003.723132,31.535,63.595,,882,,874.0307,,8.8033,3.7542,35.1974,152.63,-9.99,0.029,,,-9.99,,,
10180008,2003.723132,31.535,63.595,,884,,876.0085,,8.7619,3.7501,35.1947,153.02,-9.99,0.028,,,-9.99,,,
10180008,2003.723132,31.535,63.595,,886,,877.9862,,8.7329,3.7473,35.1932,153.32,-9.99,0.019,,,-9.99,,,
10180008,2003.723132,31.535,63.595,,888,,879.9639,,8.7163,3.7458,35.1924,153.64,-9.99,0.022,,,-9.99,,,
10180008,2003.723132,31.535,63.595,,890,,881.9416,,8.6845,3.7426,35.1892,154.01,-9.99,0.028,,,-9.99,,,
10180008,2003.723132,31.535,63.595,,892,,883.9192,,8.6407,3.7383,35.187,154.48,-9.99,0.023,,,-9.99,,,
10180008,2003.723132,31.535,63.595,,894,,885.8969,,8.6171,3.7359,35.184,154.78,-9.99,0.025,,,-9.99,,,
10180008,2003.723132,31.535,63.595,,896,,887.8745,,8.5718,3.7315,35.1816,155.03,-9.99,0.031,,,-9.99,,,
10180008,2003.723132,31.535,63.595,,898,,889.8521,,8.55,3.7295,35.1807,155.31,-9.99,0.026,,,-9.99,,,
10180008,2003.723132,31.535,63.595,,900,,891.8297,,8.5369,3.7282,35.1792,155.58,-9.99,0.029,,,-9.99,,,
10180008,2003.723132,31.535,63.595,,902,,893.8073,,8.4977,3.7243,35.1763,156.07,-9.99,0.032,,,-9.99,,,
10180008,2003.723132,31.535,63.595,,904,,895.7848,,8.466,3.7214,35.1754,156.51,-9.99,0.033,,,-9.99,,,
10180008,2003.723132,31.535,63.595,,906,,897.7624,,8.4468,3.7194,35.1726,156.74,-9.99,0.031,,,-9.99,,,
10180008,2003.723132,31.535,63.595,,908,,899.7399,,8.4193,3.7169,35.1723,157.01,-9.99,0.035,,,-9.99,,,
10180008,2003.723132,31.535,63.595,,910,,901.7174,,8.4118,3.7163,35.1729,157.24,-9.99,0.031,,,-9.99,,,
10180008,2003.723132,31.535,63.595,,912,,903.6949,,8.4035,3.7155,35.172,157.37,-9.99,0.028,,,-9.99,,,
10180008,2003.723132,31.535,63.595,,914,,905.6723,,8.369,3.7122,35.1698,157.66,-9.99,0.035,,,-9.99,,,
10180008,2003.723132,31.535,63.595,,916,,907.6498,,8.3359,3.7089,35.1667,158.12,-9.99,0.036,,,-9.99,,,
10180008,2003.723132,31.535,63.595,,918,,909.6272,,8.2996,3.7052,35.1631,158.53,-9.99,0.031,,,-9.99,,,
10180008,2003.723132,31.535,63.595,,920,,911.6046,,8.2565,3.7011,35.1613,159.06,-9.99,0.029,,,-9.99,,,
10180008,2003.723132,31.535,63.595,,922,,913.582,,8.2293,3.6985,35.1599,159.45,-9.99,0.026,,,-9.99,,,
10180008,2003.723132,31.535,63.595,,924,,915.5594,,8.1984,3.6956,35.1588,159.96,-9.99,0.023,,,-9.99,,,
10180008,2003.723132,31.535,63.595,,926,,917.5367,,8.1678,3.6927,35.1571,160.6,-9.99,0.028,,,-9.99,,,
10180008,2003.723132,31.535,63.595,,928,,919.514,,8.1052,3.6865,35.1525,161.61,-9.99,0.03,,,-9.99,,,
10180008,2003.723132,31.535,63.595,,930,,921.4913,,8.0283,3.6793,35.1513,162.38,-9.99,0.026,,,-9.99,,,
10180008,2003.723132,31.535,63.595,,932,,923.4686,,8.004,3.677,35.1507,162.84,-9.99,0.025,,,-9.99,,,
10180008,2003.723132,31.535,63.595,,934,,925.4459,,7.9756,3.6743,35.1493,163.34,-9.99,0.02,,,-9.99,,,
10180008,2003.723132,31.535,63.595,,936,,927.4232,,7.9424,3.6711,35.1472,163.95,-9.99,0.021,,,-9.99,,,
10180008,2003.723132,31.535,63.595,,938,,929.4004,,7.913,3.6683,35.1451,164.32,-9.99,0.031,,,-9.99,,,
10180008,2003.723132,31.535,63.595,,940,,931.3776,,7.8766,3.6648,35.1432,164.62,-9.99,0.031,,,-9.99,,,
10180008,2003.723132,31.535,63.595,,942,,933.3548,,7.8692,3.6642,35.1433,164.99,-9.99,0.029,,,-9.99,,,
10180008,2003.723132,31.535,63.595,,944,,935.332,,7.8573,3.663,35.1421,165.42,-9.99,0.031,,,-9.99,,,
10180008,2003.723132,31.535,63.595,,946,,937.3092,,7.781,3.6554,35.1356,166.33,-9.99,0.028,,,-9.99,,,
10180008,2003.723132,31.535,63.595,,948,,939.2863,,7.7151,3.6491,35.1323,167.1,-9.99,0.033,,,-9.99,,,
10180008,2003.723132,31.535,63.595,,950,,941.2634,,7.6634,3.6441,35.1294,167.72,-9.99,0.038,,,-9.99,,,
10180008,2003.723132,31.535,63.595,,952,,943.2405,,7.6255,3.6405,35.128,168.09,-9.99,0.027,,,-9.99,,,
10180008,2003.723132,31.535,63.595,,954,,945.2176,,7.5639,3.6346,35.1252,168.87,-9.99,0.028,,,-9.99,,,
10180008,2003.723132,31.535,63.595,,956,,947.1947,,7.505,3.6291,35.1238,169.4,-9.99,0.035,,,-9.99,,,
10180008,2003.723132,31.535,63.595,,958,,949.1717,,7.4773,3.6266,35.1242,169.67,-9.99,0.037,,,-9.99,,,
10180008,2003.723132,31.535,63.595,,960,,951.1488,,7.4737,3.6264,35.1241,169.94,-9.99,0.037,,,-9.99,,,
10180008,2003.723132,31.535,63.595,,962,,953.1258,,7.4484,3.6239,35.122,170.37,-9.99,0.03,,,-9.99,,,
10180008,2003.723132,31.535,63.595,,964,,955.1028,,7.3774,3.6172,35.1195,170.89,-9.99,0.029,,,-9.99,,,
10180008,2003.723132,31.535,63.595,,966,,957.0797,,7.3534,3.615,35.1192,171.21,-9.99,0.028,,,-9.99,,,
10180008,2003.723132,31.535,63.595,,968,,959.0567,,7.3313,3.6129,35.1179,171.59,-9.99,0.024,,,-9.99,,,
10180008,2003.723132,31.535,63.595,,970,,961.0336,,7.2942,3.6095,35.117,171.91,-9.99,0.032,,,-9.99,,,
10180008,2003.723132,31.535,63.595,,972,,963.0106,,7.2788,3.6081,35.1167,172.02,-9.99,0.028,,,-9.99,,,
10180008,2003.723132,31.535,63.595,,974,,964.9875,,7.2633,3.6067,35.1158,172.19,-9.99,0.025,,,-9.99,,,
10180008,2003.723132,31.535,63.595,,976,,966.9643,,7.2421,3.6046,35.1139,172.55,-9.99,0.02,,,-9.99,,,
10180008,2003.723132,31.535,63.595,,978,,968.9412,,7.1906,3.5997,35.111,172.98,-9.99,0.023,,,-9.99,,,
10180008,2003.723132,31.535,63.595,,980,,970.918,,7.161,3.597,35.1107,173.24,-9.99,0.031,,,-9.99,,,
10180008,2003.723132,31.535,63.595,,982,,972.8949,,7.1499,3.5961,35.1109,173.42,-9.99,0.033,,,-9.99,,,
10180008,2003.723132,31.535,63.595,,984,,974.8717,,7.1495,3.5962,35.111,173.47,-9.99,0.031,,,-9.99,,,
10180008,2003.723132,31.535,63.595,,986,,976.8485,,7.1359,3.5948,35.1093,173.58,-9.99,0.027,,,-9.99,,,
10180008,2003.723132,31.535,63.595,,988,,978.8252,,7.1129,3.5928,35.109,173.74,-9.99,0.024,,,-9.99,,,
10180008,2003.723132,31.535,63.595,,990,,980.802,,7.102,3.5918,35.1087,173.83,-9.99,0.023,,,-9.99,,,
10180008,2003.723132,31.535,63.595,,992,,982.7787,,7.087,3.5905,35.1084,173.97,-9.99,0.027,,,-9.99,,,
10180008,2003.723132,31.535,63.595,,994,,984.7554,,7.0663,3.5885,35.1071,174.34,-9.99,0.026,,,-9.99,,,
10180008,2003.723132,31.535,63.595,,996,,986.7321,,7.0334,3.5854,35.105,174.86,-9.99,0.021,,,-9.99,,,
10180008,2003.723132,31.535,63.595,,998,,988.7088,,7.003,3.5825,35.1037,175.25,-9.99,0.017,,,-9.99,,,
10180008,2003.723132,31.535,63.595,1000,,990.6854,,6.9698,3.5795,35.1034,175.7,-9.99,0.019,,,-9.99,,,,
10180008,2003.723132,31.535,63.595,1002,,992.6621,,6.9459,3.5774,35.1032,176.05,-9.99,0.022,,,-9.99,,,,
10180008,2003.723132,31.535,63.595,1004,,994.6387,,6.9249,3.5755,35.1027,176.36,-9.99,0.032,,,-9.99,,,,
10180008,2003.723132,31.535,63.595,1006,,996.6153,,6.9032,3.5735,35.1019,176.56,-9.99,0.03,,,-9.99,,,,
10180008,2003.723132,31.535,63.595,1008,,998.5919,,6.8905,3.5724,35.1016,176.88,-9.99,0.027,,,-9.99,,,,
10180008,2003.723132,31.535,63.595,1010,1000.5684,,6.8798,3.5714,35.1012,177.31,-9.99,0.028,,,-9.99,,,,,
10180008,2003.723132,31.535,63.595,1012,1002.545,,6.8545,3.5692,35.1007,177.68,-9.99,0.018,,,-9.99,,,,,
10180008,2003.723132,31.535,63.595,1014,1004.5215,,6.8384,3.5678,35.1008,177.96,-9.99,0.024,,,-9.99,,,,,
10180008,2003.723132,31.535,63.595,1016,1006.498,,6.8298,3.5671,35.1008,178.22,-9.99,0.034,,,-9.99,,,,,
10180008,2003.723132,31.535,63.595,1018,1008.4745,,6.8203,3.5663,35.1008,178.5,-9.99,0.039,,,-9.99,,,,,
10180008,2003.723132,31.535,63.595,1020,1010.451,,6.8084,3.5652,35.1006,178.79,-9.99,0.034,,,-9.99,,,,,
10180008,2003.723132,31.535,63.595,1022,1012.4274,,6.7937,3.5639,35.1003,179.19,-9.99,0.028,,,-9.99,,,,,
10180008,2003.723132,31.535,63.595,1024,1014.4038,,6.7777,3.5626,35.1003,179.59,-9.99,0.03,,,-9.99,,,,,
10180008,2003.723132,31.535,63.595,1026,1016.3803,,6.7687,3.5618,35.1004,180.02,-9.99,0.023,,,-9.99,,,,,
10180008,2003.723132,31.535,63.595,1028,1018.3566,,6.7553,3.5606,35.1002,181.2,-9.99,0.017,,,-9.99,,,,,
10180008,2003.723132,31.535,63.595,1030,1020.333,,6.7342,3.5588,35.1007,182.98,-9.99,0.016,,,-9.99,,,,,
10180008,2003.723132,31.535,63.595,1032,1022.3094,,6.7152,3.5575,35.1045,184.36,-9.99,0.022,,,-9.99,,,,,
10180008,2003.723132,31.535,63.595,1034,1024.2857,,6.6986,3.5563,35.1069,185.5,-9.99,0.026,,,-9.99,,,,,
10180008,2003.723132,31.535,63.595,1036,1026.262,,6.6606,3.5528,35.1056,186.66,-9.99,0.022,,,-9.99,,,,,
10180008,2003.723132,31.535,63.595,1038,1028.2383,,6.6465,3.5516,35.1059,187.35,-9.99,0.028,,,-9.99,,,,,
10180008,2003.723132,31.535,63.595,1040,1030.2146,,6.6293,3.5501,35.1063,188.16,-9.99,0.025,,,-9.99,,,,,
10180008,2003.723132,31.535,63.595,1042,1032.1909,,6.6179,3.5491,35.1062,189.33,-9.99,0.03,,,-9.99,,,,,
10180008,2003.723132,31.535,63.595,1044,1034.1671,,6.606,3.5484,35.109,190,-9.99,0.034,,,-9.99,,,,,
10180008,2003.723132,31.535,63.595,1046,1036.1433,,6.603,3.5483,35.1105,190.18,-9.99,0.036,,,-9.99,,,,,
10180008,2003.723132,31.535,63.595,1048,1038.1196,,6.5893,3.547,35.1092,190.54,-9.99,0.03,,,-9.99,,,,,
10180008,2003.723132,31.535,63.595,1050,1040.0957,,6.5559,3.5438,35.1061,191.02,-9.99,0.026,,,-9.99,,,,,
10180008,2003.723132,31.535,63.595,1052,1042.0719,,6.5089,3.5392,35.1027,191.37,-9.99,0.026,,,-9.99,,,,,
10180008,2003.723132,31.535,63.595,1054,1044.0481,,6.4927,3.5378,35.103,191.64,-9.99,0.023,,,-9.99,,,,,
10180008,2003.723132,31.535,63.595,1056,1046.0242,,6.4832,3.537,35.1026,191.92,-9.99,0.023,,,-9.99,,,,,
10180008,2003.723132,31.535,63.595,1058,1048.0003,,6.4688,3.5357,35.1016,192.21,-9.99,0.023,,,-9.99,,,,,
10180008,2003.723132,31.535,63.595,1060,1049.9764,,6.442,3.5333,35.1015,192.5,-9.99,0.031,,,-9.99,,,,,
10180008,2003.723132,31.535,63.595,1062,1051.9525,,6.4263,3.5319,35.1009,192.98,-9.99,0.028,,,-9.99,,,,,
10180008,2003.723132,31.535,63.595,1064,1053.9285,,6.4037,3.5299,35.1015,193.24,-9.99,0.026,,,-9.99,,,,,
10180008,2003.723132,31.535,63.595,1066,1055.9046,,6.3962,3.5294,35.1018,193.53,-9.99,0.024,,,-9.99,,,,,
10180008,2003.723132,31.535,63.595,1068,1057.8806,,6.3783,3.5277,35.1006,193.97,-9.99,0.018,,,-9.99,,,,,
10180008,2003.723132,31.535,63.595,1070,1059.8566,,6.3442,3.5246,35.1001,194.54,-9.99,0.016,,,-9.99,,,,,
10180008,2003.723132,31.535,63.595,1072,1061.8326,,6.328,3.5233,35.1007,195.06,-9.99,0.018,,,-9.99,,,,,
10180008,2003.723132,31.535,63.595,1074,1063.8085,,6.3017,3.5209,35.1002,195.63,-9.99,0.026,,,-9.99,,,,,
10180008,2003.723132,31.535,63.595,1076,1065.7845,,6.2845,3.5194,35.0999,195.99,-9.99,0.026,,,-9.99,,,,,
10180008,2003.723132,31.535,63.595,1078,1067.7604,,6.2587,3.5171,35.0995,196.52,-9.99,0.026,,,-9.99,,,,,
10180008,2003.723132,31.535,63.595,1080,1069.7363,,6.2544,3.5168,35.0997,196.73,-9.99,0.029,,,-9.99,,,,,
10180008,2003.723132,31.535,63.595,1082,1071.7122,,6.2489,3.5163,35.0997,196.98,-9.99,0.03,,,-9.99,,,,,
10180008,2003.723132,31.535,63.595,1084,1073.6881,,6.2428,3.5159,35.0997,197.13,-9.99,0.027,,,-9.99,,,,,
10180008,2003.723132,31.535,63.595,1086,1075.6639,,6.2382,3.5155,35.0998,197.24,-9.99,0.025,,,-9.99,,,,,
10180008,2003.723132,31.535,63.595,1088,1077.6398,,6.2318,3.515,35.0997,197.58,-9.99,0.027,,,-9.99,,,,,
10180008,2003.723132,31.535,63.595,1090,1079.6156,,6.219,3.5138,35.0986,198.02,-9.99,0.03,,,-9.99,,,,,
10180008,2003.723132,31.535,63.595,1092,1081.5914,,6.1791,3.5102,35.0982,198.46,-9.99,0.016,,,-9.99,,,,,
10180008,2003.723132,31.535,63.595,1094,1083.5672,,6.1699,3.5095,35.0989,198.9,-9.99,0.025,,,-9.99,,,,,
10180008,2003.723132,31.535,63.595,1096,1085.5429,,6.1456,3.5074,35.0984,199.61,-9.99,0.029,,,-9.99,,,,,
10180008,2003.723132,31.535,63.595,1098,1087.5187,,6.1142,3.5045,35.0975,200.37,-9.99,0.022,,,-9.99,,,,,
10180008,2003.723132,31.535,63.595,1100,1089.4944,,6.0862,3.5017,35.0946,200.81,-9.99,0.02,,,-9.99,,,,,
10180008,2003.723132,31.535,63.595,1102,1091.4701,,6.0626,3.4997,35.0945,201.29,-9.99,0.025,,,-9.99,,,,,
10180008,2003.723132,31.535,63.595,1104,1093.4458,,6.0361,3.4974,35.0954,201.81,-9.99,0.033,,,-9.99,,,,,
10180008,2003.723132,31.535,63.595,1106,1095.4214,,6.0106,3.4952,35.0964,202.21,-9.99,0.031,,,-9.99,,,,,
10180008,2003.723132,31.535,63.595,1108,1097.3971,,5.9962,3.494,35.0967,202.55,-9.99,0.036,,,-9.99,,,,,
10180008,2003.723132,31.535,63.595,1110,1099.3727,,5.9915,3.4937,35.0968,202.94,-9.99,0.026,,,-9.99,,,,,
10180008,2003.723132,31.535,63.595,1112,1101.3483,,5.9762,3.4923,35.0959,203.33,-9.99,0.029,,,-9.99,,,,,
10180008,2003.723132,31.535,63.595,1114,1103.3239,,5.9576,3.4907,35.0956,203.85,-9.99,0.029,,,-9.99,,,,,
10180008,2003.723132,31.535,63.595,1116,1105.2995,,5.9435,3.4894,35.0952,204.68,-9.99,0.009,,,-9.99,,,,,
10180008,2003.723132,31.535,63.595,1118,1107.275,,5.9165,3.4869,35.0939,205.17,-9.99,0.015,,,-9.99,,,,,
10180008,2003.723132,31.535,63.595,1120,1109.2506,,5.898,3.4853,35.0943,205.75,-9.99,0.027,,,-9.99,,,,,
10180008,2003.723132,31.535,63.595,1122,1111.2261,,5.8845,3.4841,35.0929,206.92,-9.99,0.022,,,-9.99,,,,,
10180008,2003.723132,31.535,63.595,1124,1113.2016,,5.8634,3.4822,35.0924,207.35,-9.99,0.024,,,-9.99,,,,,
10180008,2003.723132,31.535,63.595,1126,1115.1771,,5.8501,3.4811,35.0926,207.74,-9.99,0.033,,,-9.99,,,,,
10180008,2003.723132,31.535,63.595,1128,1117.1525,,5.8472,3.4809,35.0926,208,-9.99,0.027,,,-9.99,,,,,
10180008,2003.723132,31.535,63.595,1130,1119.128,,5.8449,3.4808,35.0927,208.16,-9.99,0.02,,,-9.99,,,,,
10180008,2003.723132,31.535,63.595,1132,1121.1034,,5.8365,3.48,35.0922,208.4,-9.99,0.025,,,-9.99,,,,,
10180008,2003.723132,31.535,63.595,1134,1123.0788,,5.8251,3.4791,35.092,208.8,-9.99,0.028,,,-9.99,,,,,
10180008,2003.723132,31.535,63.595,1136,1125.0542,,5.8163,3.4783,35.0918,209.25,-9.99,0.027,,,-9.99,,,,,
10180008,2003.723132,31.535,63.595,1138,1127.0296,,5.794,3.4763,35.0907,209.75,-9.99,0.023,,,-9.99,,,,,
10180008,2003.723132,31.535,63.595,1140,1129.0049,,5.7775,3.4748,35.0905,210.21,-9.99,0.028,,,-9.99,,,,,
10180008,2003.723132,31.535,63.595,1142,1130.9802,,5.7705,3.4743,35.0903,210.44,-9.99,0.026,,,-9.99,,,,,
10180008,2003.723132,31.535,63.595,1144,1132.9555,,5.764,3.4738,35.0902,210.65,-9.99,0.027,,,-9.99,,,,,
10180008,2003.723132,31.535,63.595,1146,1134.9308,,5.7567,3.4731,35.0898,210.88,-9.99,0.026,,,-9.99,,,,,
10180008,2003.723132,31.535,63.595,1148,1136.9061,,5.7415,3.4718,35.089,211.14,-9.99,0.021,,,-9.99,,,,,
10180008,2003.723132,31.535,63.595,1150,1138.8814,,5.7282,3.4707,35.0892,211.3,-9.99,0.03,,,-9.99,,,,,
10180008,2003.723132,31.535,63.595,1152,1140.8566,,5.7226,3.4702,35.0892,211.49,-9.99,0.035,,,-9.99,,,,,
10180008,2003.723132,31.535,63.595,1154,1142.8318,,5.7189,3.47,35.0893,211.52,-9.99,0.031,,,-9.99,,,,,
10180008,2003.723132,31.535,63.595,1156,1144.807,,5.7127,3.4695,35.0891,211.57,-9.99,0.022,,,-9.99,,,,,
10180008,2003.723132,31.535,63.595,1158,1146.7822,,5.7052,3.4688,35.0886,211.91,-9.99,0.017,,,-9.99,,,,,
10180008,2003.723132,31.535,63.595,1160,1148.7574,,5.689,3.4674,35.0877,212.37,-9.99,0.018,,,-9.99,,,,,
10180008,2003.723132,31.535,63.595,1162,1150.7325,,5.6692,3.4656,35.0866,212.68,-9.99,0.022,,,-9.99,,,,,
10180008,2003.723132,31.535,63.595,1164,1152.7076,,5.6511,3.4639,35.0861,212.98,-9.99,0.024,,,-9.99,,,,,
10180008,2003.723132,31.535,63.595,1166,1154.6827,,5.6453,3.4635,35.086,213.18,-9.99,0.025,,,-9.99,,,,,
10180008,2003.723132,31.535,63.595,1168,1156.6578,,5.6428,3.4633,35.0858,213.29,-9.99,0.026,,,-9.99,,,,,
10180008,2003.723132,31.535,63.595,1170,1158.6329,,5.6378,3.463,35.086,213.46,-9.99,0.025,,,-9.99,,,,,
10180008,2003.723132,31.535,63.595,1172,1160.608,,5.6243,3.4617,35.0847,213.79,-9.99,0.02,,,-9.99,,,,,
10180008,2003.723132,31.535,63.595,1174,1162.583,,5.599,3.4593,35.0825,214.25,-9.99,0.027,,,-9.99,,,,,
10180008,2003.723132,31.535,63.595,1176,1164.558,,5.5766,3.4573,35.0815,214.57,-9.99,0.025,,,-9.99,,,,,
10180008,2003.723132,31.535,63.595,1178,1166.533,,5.5649,3.4563,35.0816,214.96,-9.99,0.021,,,-9.99,,,,,
10180008,2003.723132,31.535,63.595,1180,1168.508,,5.5616,3.4561,35.0817,215.32,-9.99,0.031,,,-9.99,,,,,
10180008,2003.723132,31.535,63.595,1182,1170.4829,,5.5495,3.455,35.081,215.67,-9.99,0.032,,,-9.99,,,,,
10180008,2003.723132,31.535,63.595,1184,1172.4579,,5.5372,3.4539,35.0808,215.98,-9.99,0.038,,,-9.99,,,,,
10180008,2003.723132,31.535,63.595,1186,1174.4328,,5.5314,3.4535,35.0805,216.28,-9.99,0.034,,,-9.99,,,,,
10180008,2003.723132,31.535,63.595,1188,1176.4077,,5.5239,3.4529,35.0803,216.58,-9.99,0.026,,,-9.99,,,,,
10180008,2003.723132,31.535,63.595,1190,1178.3826,,5.5092,3.4516,35.0797,217.1,-9.99,0.024,,,-9.99,,,,,
10180008,2003.723132,31.535,63.595,1192,1180.3574,,5.494,3.4501,35.0783,217.54,-9.99,0.022,,,-9.99,,,,,
10180008,2003.723132,31.535,63.595,1194,1182.3323,,5.4759,3.4485,35.0779,217.95,-9.99,0.018,,,-9.99,,,,,
10180008,2003.723132,31.535,63.595,1196,1184.3071,,5.4686,3.448,35.0782,218.21,-9.99,0.014,,,-9.99,,,,,
10180008,2003.723132,31.535,63.595,1198,1186.2819,,5.4701,3.4482,35.078,218.34,-9.99,0.016,,,-9.99,,,,,
10180008,2003.723132,31.535,63.595,1200,1188.2567,,5.4665,3.4479,35.0776,218.58,-9.99,0.023,,,-9.99,,,,,
10180008,2003.723132,31.535,63.595,1202,1190.2315,,5.4574,3.447,35.076,218.84,-9.99,0.024,,,-9.99,,,,,
10180008,2003.723132,31.535,63.595,1204,1192.2062,,5.449,3.4463,35.075,219.02,-9.99,0.022,,,-9.99,,,,,
10180008,2003.723132,31.535,63.595,1206,1194.181,,5.4442,3.4459,35.0754,219.14,-9.99,0.027,,,-9.99,,,,,
10180008,2003.723132,31.535,63.595,1208,1196.1557,,5.4418,3.4459,35.0766,219.2,-9.99,0.024,,,-9.99,,,,,
10180008,2003.723132,31.535,63.595,1210,1198.1304,,5.4271,3.4446,35.0757,219.58,-9.99,0.022,,,-9.99,,,,,
10180008,2003.723132,31.535,63.595,1212,1200.1051,,5.4042,3.4423,35.0728,220.27,-9.99,0.025,,,-9.99,,,,,
10180008,2003.723132,31.535,63.595,1214,1202.0797,,5.3837,3.4403,35.0696,220.91,-9.99,0.026,,,-9.99,,,,,
10180009,2003.723876,31.176,64.323,,,,7,,,,6.9516,26.8911,5.7411,36.6908,210.99,-9.99,0.038,,,-9.99
10180009,2003.723876,31.176,64.323,,,,9,,,,8.9377,26.8958,5.7417,36.6904,210.79,-9.99,0.04,,,-9.99
10180009,2003.723876,31.176,64.323,,,11,,,10.9238,26.8969,5.7419,36.6902,210.76,-9.99,0.039,,,-9.99,,
10180009,2003.723876,31.176,64.323,,,13,,,12.9099,26.8962,5.7419,36.6901,210.75,-9.99,0.037,,,-9.99,,
10180009,2003.723876,31.176,64.323,,,15,,,14.896,26.8968,5.742,36.6901,210.74,-9.99,0.039,,,-9.99,,
10180009,2003.723876,31.176,64.323,,,17,,,16.882,26.8909,5.7413,36.689,210.78,-9.99,0.041,,,-9.99,,
10180009,2003.723876,31.176,64.323,,,19,,,18.8681,26.8915,5.7416,36.6899,210.77,-9.99,0.036,,,-9.99,,
10180009,2003.723876,31.176,64.323,,,21,,,20.8541,26.8199,5.7326,36.681,210.59,-9.99,0.037,,,-9.99,,
10180009,2003.723876,31.176,64.323,,,23,,,22.8401,26.745,5.7241,36.6783,210.65,-9.99,0.036,,,-9.99,,
10180009,2003.723876,31.176,64.323,,,25,,,24.826,26.703,5.7193,36.6762,211.08,-9.99,0.037,,,-9.99,,
10180009,2003.723876,31.176,64.323,,,27,,,26.812,26.5259,5.6986,36.6664,212.17,-9.99,0.026,,,-9.99,,
10180009,2003.723876,31.176,64.323,,,29,,,28.7979,26.3126,5.6736,36.6541,213.25,-9.99,0.037,,,-9.99,,
10180009,2003.723876,31.176,64.323,,,31,,,30.7838,26.1697,5.6571,36.647,214.49,-9.99,0.033,,,-9.99,,
10180009,2003.723876,31.176,64.323,,,33,,,32.7697,26.0148,5.6403,36.6472,215.07,-9.99,0.039,,,-9.99,,
10180009,2003.723876,31.176,64.323,,,35,,,34.7556,25.9569,5.6356,36.6583,215.94,-9.99,0.044,,,-9.99,,
10180009,2003.723876,31.176,64.323,,,37,,,36.7415,25.8624,5.6262,36.6647,217.2,-9.99,0.043,,,-9.99,,
10180009,2003.723876,31.176,64.323,,,39,,,38.7273,25.6428,5.6035,36.6733,217.92,-9.99,0.044,,,-9.99,,
10180009,2003.723876,31.176,64.323,,,41,,,40.7131,25.4778,5.5867,36.6815,218.2,-9.99,0.044,,,-9.99,,
10180009,2003.723876,31.176,64.323,,,43,,,42.6989,25.3086,5.57,36.6934,218.28,-9.99,0.045,,,-9.99,,
10180009,2003.723876,31.176,64.323,,,45,,,44.6847,25.1954,5.559,36.7033,218.25,-9.99,0.046,,,-9.99,,
10180009,2003.723876,31.176,64.323,,,47,,,46.6704,24.989,5.5381,36.7142,218.21,-9.99,0.05,,,-9.99,,
10180009,2003.723876,31.176,64.323,,,49,,,48.6562,24.9016,5.5293,36.7188,218.15,-9.99,0.051,,,-9.99,,
10180009,2003.723876,31.176,64.323,,,51,,,50.6419,24.7849,5.5166,36.7182,217.98,-9.99,0.051,,,-9.99,,
10180009,2003.723876,31.176,64.323,,,53,,,52.6276,24.6797,5.505,36.7159,217.75,-9.99,0.052,,,-9.99,,
10180009,2003.723876,31.176,64.323,,,55,,,54.6133,24.6313,5.4996,36.7143,217.63,-9.99,0.054,,,-9.99,,
10180009,2003.723876,31.176,64.323,,,57,,,56.5989,24.5371,5.4894,36.7138,217.53,-9.99,0.057,,,-9.99,,
10180009,2003.723876,31.176,64.323,,,59,,,58.5846,24.4813,5.4841,36.7192,217.58,-9.99,0.059,,,-9.99,,
10180009,2003.723876,31.176,64.323,,,61,,,60.5702,24.4423,5.4806,36.7239,217.64,-9.99,0.058,,,-9.99,,
10180009,2003.723876,31.176,64.323,,,63,,,62.5558,24.3825,5.4753,36.7321,217.71,-9.99,0.06,,,-9.99,,
10180009,2003.723876,31.176,64.323,,,65,,,64.5414,24.324,5.47,36.7397,217.84,-9.99,0.059,,,-9.99,,
10180009,2003.723876,31.176,64.323,,,67,,,66.527,24.2833,5.4663,36.7442,217.99,-9.99,0.059,,,-9.99,,
10180009,2003.723876,31.176,64.323,,,69,,,68.5125,24.2275,5.4612,36.7507,218.05,-9.99,0.06,,,-9.99,,
10180009,2003.723876,31.176,64.323,,,71,,,70.4981,24.1642,5.4547,36.7533,218.15,-9.99,0.064,,,-9.99,,
10180009,2003.723876,31.176,64.323,,,73,,,72.4836,24.1323,5.4514,36.7533,217.88,-9.99,0.068,,,-9.99,,
10180009,2003.723876,31.176,64.323,,,75,,,74.4691,24.0594,5.4434,36.7524,217.61,-9.99,0.072,,,-9.99,,
10180009,2003.723876,31.176,64.323,,,77,,,76.4545,23.9316,5.4295,36.7512,217.54,-9.99,0.078,,,-9.99,,
10180009,2003.723876,31.176,64.323,,,79,,,78.44,23.8034,5.4157,36.7513,217.51,-9.99,0.077,,,-9.99,,
10180009,2003.723876,31.176,64.323,,,81,,,80.4254,23.6949,5.4042,36.7527,217.23,-9.99,0.08,,,-9.99,,
10180009,2003.723876,31.176,64.323,,,83,,,82.4108,23.5699,5.3913,36.7566,216.56,-9.99,0.091,,,-9.99,,
10180009,2003.723876,31.176,64.323,,,85,,,84.3962,23.4709,5.3811,36.7595,216.09,-9.99,0.096,,,-9.99,,
10180009,2003.723876,31.176,64.323,,,87,,,86.3816,23.3242,5.3659,36.7641,215.19,-9.99,0.107,,,-9.99,,
10180009,2003.723876,31.176,64.323,,,89,,,88.3669,23.2016,5.3527,36.7634,214.77,-9.99,0.103,,,-9.99,,
10180009,2003.723876,31.176,64.323,,,91,,,90.3523,22.9146,5.3217,36.7625,213.59,-9.99,0.106,,,-9.99,,
10180009,2003.723876,31.176,64.323,,,93,,,92.3376,22.5436,5.282,36.7641,213.31,-9.99,0.117,,,-9.99,,
10180009,2003.723876,31.176,64.323,,,95,,,94.3229,22.326,5.2583,36.7607,212.33,-9.99,0.124,,,-9.99,,
10180009,2003.723876,31.176,64.323,,,97,,,96.3082,22.1138,5.2354,36.7592,211.73,-9.99,0.133,,,-9.99,,
10180009,2003.723876,31.176,64.323,,,99,,,98.2934,22.0025,5.224,36.7624,211.24,-9.99,0.143,,,-9.99,,
10180009,2003.723876,31.176,64.323,,101,,100.2787,21.9213,5.2154,36.7631,210.64,-9.99,0.156,,,-9.99,,,,
10180009,2003.723876,31.176,64.323,,103,,102.2639,21.812,5.2041,36.765,208.92,-9.99,0.163,,,-9.99,,,,
10180009,2003.723876,31.176,64.323,,105,,104.2491,21.6623,5.1888,36.7707,207.34,-9.99,0.165,,,-9.99,,,,
10180009,2003.723876,31.176,64.323,,107,,106.2343,21.4856,5.1709,36.7776,205.82,-9.99,0.194,,,-9.99,,,,
10180009,2003.723876,31.176,64.323,,109,,108.2194,21.3822,5.1605,36.7822,205.07,-9.99,0.209,,,-9.99,,,,
10180009,2003.723876,31.176,64.323,,111,,110.2046,21.2438,5.1453,36.7787,204.75,-9.99,0.217,,,-9.99,,,,
10180009,2003.723876,31.176,64.323,,113,,112.1897,21.1354,5.1328,36.7705,204.93,-9.99,0.221,,,-9.99,,,,
10180009,2003.723876,31.176,64.323,,115,,114.1748,20.9344,5.1095,36.7544,205.2,-9.99,0.228,,,-9.99,,,,
10180009,2003.723876,31.176,64.323,,117,,116.1599,20.7925,5.0928,36.7407,205.71,-9.99,0.221,,,-9.99,,,,
10180009,2003.723876,31.176,64.323,,119,,118.145,20.6431,5.0754,36.7275,206.11,-9.99,0.208,,,-9.99,,,,
10180009,2003.723876,31.176,64.323,,121,,120.13,20.574,5.0674,36.7218,206.24,-9.99,0.193,,,-9.99,,,,
10180009,2003.723876,31.176,64.323,,123,,122.115,20.4636,5.0544,36.7105,206.4,-9.99,0.181,,,-9.99,,,,
10180009,2003.723876,31.176,64.323,,125,,124.1,20.2826,5.0331,36.6928,206.53,-9.99,0.168,,,-9.99,,,,
10180009,2003.723876,31.176,64.323,,127,,126.085,20.1152,5.0138,36.6793,206.62,-9.99,0.155,,,-9.99,,,,
10180009,2003.723876,31.176,64.323,,129,,128.07,20.017,5.0027,36.6722,206.69,-9.99,0.147,,,-9.99,,,,
10180009,2003.723876,31.176,64.323,,131,,130.055,19.9199,4.9917,36.6653,206.79,-9.99,0.142,,,-9.99,,,,
10180009,2003.723876,31.176,64.323,,133,,132.0399,19.8803,4.9872,36.6626,206.7,-9.99,0.139,,,-9.99,,,,
10180009,2003.723876,31.176,64.323,,135,,134.0248,19.8521,4.9841,36.6608,206.52,-9.99,0.135,,,-9.99,,,,
10180009,2003.723876,31.176,64.323,,137,,136.0097,19.8045,4.9788,36.6574,205.73,-9.99,0.13,,,-9.99,,,,
10180009,2003.723876,31.176,64.323,,139,,137.9946,19.7198,4.9694,36.653,205.16,-9.99,0.134,,,-9.99,,,,
10180009,2003.723876,31.176,64.323,,141,,139.9794,19.6391,4.9605,36.6493,204.87,-9.99,0.133,,,-9.99,,,,
10180009,2003.723876,31.176,64.323,,143,,141.9643,19.5925,4.9555,36.6477,204.67,-9.99,0.124,,,-9.99,,,,
10180009,2003.723876,31.176,64.323,,145,,143.9491,19.5565,4.9516,36.6462,204.42,-9.99,0.116,,,-9.99,,,,
10180009,2003.723876,31.176,64.323,,147,,145.9339,19.5445,4.9504,36.6458,204.13,-9.99,0.109,,,-9.99,,,,
10180009,2003.723876,31.176,64.323,,149,,147.9187,19.5237,4.9483,36.6455,203.39,-9.99,0.103,,,-9.99,,,,
10180009,2003.723876,31.176,64.323,,151,,149.9034,19.4899,4.9447,36.6444,202.41,-9.99,0.098,,,-9.99,,,,
10180009,2003.723876,31.176,64.323,,153,,151.8882,19.4499,4.9403,36.6428,201.52,-9.99,0.094,,,-9.99,,,,
10180009,2003.723876,31.176,64.323,,155,,153.8729,19.4161,4.9367,36.6414,201.14,-9.99,0.086,,,-9.99,,,,
10180009,2003.723876,31.176,64.323,,157,,155.8576,19.393,4.9342,36.6404,200.98,-9.99,0.079,,,-9.99,,,,
10180009,2003.723876,31.176,64.323,,159,,157.8423,19.365,4.9312,36.6391,201.11,-9.99,0.071,,,-9.99,,,,
10180009,2003.723876,31.176,64.323,,161,,159.8269,19.338,4.9284,36.6388,202.14,-9.99,0.064,,,-9.99,,,,
10180009,2003.723876,31.176,64.323,,163,,161.8116,19.3173,4.9263,36.6383,203.44,-9.99,0.058,,,-9.99,,,,
10180009,2003.723876,31.176,64.323,,165,,163.7962,19.2961,4.9239,36.6364,204.17,-9.99,0.055,,,-9.99,,,,
10180009,2003.723876,31.176,64.323,,167,,165.7808,19.278,4.9219,36.6343,204.39,-9.99,0.058,,,-9.99,,,,
10180009,2003.723876,31.176,64.323,,169,,167.7654,19.2747,4.9215,36.6339,204.49,-9.99,0.056,,,-9.99,,,,
10180009,2003.723876,31.176,64.323,,171,,169.7499,19.2713,4.9212,36.6335,204.6,-9.99,0.051,,,-9.99,,,,
10180009,2003.723876,31.176,64.323,,173,,171.7345,19.2624,4.9202,36.6323,204.71,-9.99,0.045,,,-9.99,,,,
10180009,2003.723876,31.176,64.323,,175,,173.719,19.2466,4.9185,36.6306,204.77,-9.99,0.049,,,-9.99,,,,
10180009,2003.723876,31.176,64.323,,177,,175.7035,19.2381,4.9176,36.6298,204.78,-9.99,0.05,,,-9.99,,,,
10180009,2003.723876,31.176,64.323,,179,,177.688,19.2297,4.9167,36.6289,204.76,-9.99,0.05,,,-9.99,,,,
10180009,2003.723876,31.176,64.323,,181,,179.6725,19.2178,4.9154,36.6277,204.42,-9.99,0.046,,,-9.99,,,,
10180009,2003.723876,31.176,64.323,,183,,181.657,19.2022,4.9137,36.6266,203.94,-9.99,0.043,,,-9.99,,,,
10180009,2003.723876,31.176,64.323,,185,,183.6414,19.176,4.9108,36.625,203.1,-9.99,0.04,,,-9.99,,,,
10180009,2003.723876,31.176,64.323,,187,,185.6258,19.1638,4.9096,36.6245,202.97,-9.99,0.042,,,-9.99,,,,
10180009,2003.723876,31.176,64.323,,189,,187.6102,19.1504,4.9082,36.6238,202.7,-9.99,0.044,,,-9.99,,,,
10180009,2003.723876,31.176,64.323,,191,,189.5946,19.1394,4.907,36.6231,202.5,-9.99,0.045,,,-9.99,,,,
10180009,2003.723876,31.176,64.323,,193,,191.5789,19.1331,4.9064,36.6228,202.31,-9.99,0.043,,,-9.99,,,,
10180009,2003.723876,31.176,64.323,,195,,193.5633,19.1236,4.9055,36.6227,201.91,-9.99,0.041,,,-9.99,,,,
10180009,2003.723876,31.176,64.323,,197,,195.5476,19.1156,4.9048,36.6231,201.43,-9.99,0.041,,,-9.99,,,,
10180009,2003.723876,31.176,64.323,,199,,197.5319,19.1057,4.9039,36.6239,200.39,-9.99,0.042,,,-9.99,,,,
10180009,2003.723876,31.176,64.323,,201,,199.5162,19.0932,4.9028,36.6244,199.52,-9.99,0.035,,,-9.99,,,,
10180009,2003.723876,31.176,64.323,,203,,201.5004,19.0698,4.9004,36.624,198.81,-9.99,0.032,,,-9.99,,,,
10180009,2003.723876,31.176,64.323,,205,,203.4847,19.0484,4.8981,36.6231,198.83,-9.99,0.032,,,-9.99,,,,
10180009,2003.723876,31.176,64.323,,207,,205.4689,19.0336,4.8964,36.6214,199.92,-9.99,0.034,,,-9.99,,,,
10180009,2003.723876,31.176,64.323,,209,,207.4531,19.0177,4.8945,36.6186,202.13,-9.99,0.033,,,-9.99,,,,
10180009,2003.723876,31.176,64.323,,211,,209.4373,18.9975,4.8921,36.6152,203.16,-9.99,0.026,,,-9.99,,,,
10180009,2003.723876,31.176,64.323,,213,,211.4214,18.9884,4.8911,36.6142,203.15,-9.99,0.03,,,-9.99,,,,
10180009,2003.723876,31.176,64.323,,215,,213.4056,18.9866,4.891,36.6142,202.97,-9.99,0.029,,,-9.99,,,,
10180009,2003.723876,31.176,64.323,,217,,215.3897,18.9844,4.8909,36.6143,202.98,-9.99,0.026,,,-9.99,,,,
10180009,2003.723876,31.176,64.323,,219,,217.3738,18.9736,4.8897,36.6134,203.28,-9.99,0.024,,,-9.99,,,,
10180009,2003.723876,31.176,64.323,,221,,219.3579,18.9609,4.8883,36.6121,203.39,-9.99,0.037,,,-9.99,,,,
10180009,2003.723876,31.176,64.323,,223,,221.342,18.948,4.8869,36.611,203.26,-9.99,0.03,,,-9.99,,,,
10180009,2003.723876,31.176,64.323,,225,,223.326,18.9371,4.8858,36.6107,203.12,-9.99,0.031,,,-9.99,,,,
10180009,2003.723876,31.176,64.323,,227,,225.31,18.9294,4.885,36.6102,203.15,-9.99,0.027,,,-9.99,,,,
10180009,2003.723876,31.176,64.323,,229,,227.2941,18.9209,4.8842,36.61,202.26,-9.99,0.027,,,-9.99,,,,
10180009,2003.723876,31.176,64.323,,231,,229.2781,18.9083,4.883,36.6102,201.21,-9.99,0.027,,,-9.99,,,,
10180009,2003.723876,31.176,64.323,,233,,231.262,18.8979,4.8821,36.6106,200.58,-9.99,0.027,,,-9.99,,,,
10180009,2003.723876,31.176,64.323,,235,,233.246,18.8908,4.8815,36.611,199.79,-9.99,0.027,,,-9.99,,,,
10180009,2003.723876,31.176,64.323,,237,,235.2299,18.8851,4.881,36.6117,198.85,-9.99,0.024,,,-9.99,,,,
10180009,2003.723876,31.176,64.323,,239,,237.2138,18.8812,4.8808,36.6123,198.4,-9.99,0.022,,,-9.99,,,,
10180009,2003.723876,31.176,64.323,,241,,239.1977,18.8678,4.8793,36.6113,198.36,-9.99,0.024,,,-9.99,,,,
10180009,2003.723876,31.176,64.323,,243,,241.1816,18.8561,4.8781,36.6105,198.57,-9.99,0.026,,,-9.99,,,,
10180009,2003.723876,31.176,64.323,,245,,243.1655,18.8379,4.876,36.6083,198.49,-9.99,0.022,,,-9.99,,,,
10180009,2003.723876,31.176,64.323,,247,,245.1493,18.8234,4.8745,36.6077,198.34,-9.99,0.024,,,-9.99,,,,
10180009,2003.723876,31.176,64.323,,249,,247.1331,18.813,4.8734,36.6069,197.85,-9.99,0.023,,,-9.99,,,,
10180009,2003.723876,31.176,64.323,,251,,249.1169,18.8024,4.8724,36.6066,197.06,-9.99,0.026,,,-9.99,,,,
10180009,2003.723876,31.176,64.323,,253,,251.1007,18.7903,4.871,36.6053,196.68,-9.99,0.025,,,-9.99,,,,
10180009,2003.723876,31.176,64.323,,255,,253.0845,18.7753,4.8693,36.603,197.07,-9.99,0.023,,,-9.99,,,,
10180009,2003.723876,31.176,64.323,,257,,255.0682,18.7575,4.8671,36.5997,197.99,-9.99,0.022,,,-9.99,,,,
10180009,2003.723876,31.176,64.323,,259,,257.0519,18.7399,4.8651,36.5974,197.91,-9.99,0.023,,,-9.99,,,,
10180009,2003.723876,31.176,64.323,,261,,259.0356,18.7311,4.8642,36.597,197.64,-9.99,0.026,,,-9.99,,,,
10180009,2003.723876,31.176,64.323,,263,,261.0193,18.729,4.8642,36.5979,197.14,-9.99,0.028,,,-9.99,,,,
10180009,2003.723876,31.176,64.323,,265,,263.003,18.7215,4.8635,36.5982,196.61,-9.99,0.025,,,-9.99,,,,
10180009,2003.723876,31.176,64.323,,267,,264.9866,18.7075,4.8619,36.5964,196.86,-9.99,0.02,,,-9.99,,,,
10180009,2003.723876,31.176,64.323,,269,,266.9703,18.6931,4.8603,36.5947,197.02,-9.99,0.019,,,-9.99,,,,
10180009,2003.723876,31.176,64.323,,271,,268.9539,18.6822,4.8591,36.5935,197.09,-9.99,0.019,,,-9.99,,,,
10180009,2003.723876,31.176,64.323,,273,,270.9375,18.6619,4.8568,36.5914,197.26,-9.99,0.02,,,-9.99,,,,
10180009,2003.723876,31.176,64.323,,275,,272.921,18.6442,4.8549,36.5899,197.36,-9.99,0.02,,,-9.99,,,,
10180009,2003.723876,31.176,64.323,,277,,274.9046,18.6308,4.8535,36.589,197.46,-9.99,0.021,,,-9.99,,,,
10180009,2003.723876,31.176,64.323,,279,,276.8881,18.6245,4.8529,36.5887,197.53,-9.99,0.024,,,-9.99,,,,
10180009,2003.723876,31.176,64.323,,281,,278.8716,18.6218,4.8527,36.5884,197.76,-9.99,0.022,,,-9.99,,,,
10180009,2003.723876,31.176,64.323,,283,,280.8551,18.6169,4.8522,36.5878,198.06,-9.99,0.026,,,-9.99,,,,
10180009,2003.723876,31.176,64.323,,285,,282.8386,18.6119,4.8517,36.5873,197.9,-9.99,0.028,,,-9.99,,,,
10180009,2003.723876,31.176,64.323,,287,,284.8221,18.6041,4.8509,36.5866,197.32,-9.99,0.019,,,-9.99,,,,
10180009,2003.723876,31.176,64.323,,289,,286.8055,18.5957,4.85,36.586,196.6,-9.99,0.024,,,-9.99,,,,
10180009,2003.723876,31.176,64.323,,291,,288.7889,18.5629,4.8462,36.5821,196.29,-9.99,0.03,,,-9.99,,,,
10180009,2003.723876,31.176,64.323,,293,,290.7723,18.541,4.8437,36.5799,196.04,-9.99,0.025,,,-9.99,,,,
10180009,2003.723876,31.176,64.323,,295,,292.7557,18.5263,4.8421,36.5779,195.76,-9.99,0.027,,,-9.99,,,,
10180009,2003.723876,31.176,64.323,,297,,294.7391,18.5082,4.84,36.5759,195.58,-9.99,0.022,,,-9.99,,,,
10180009,2003.723876,31.176,64.323,,299,,296.7224,18.5004,4.8392,36.5752,195.46,-9.99,0.022,,,-9.99,,,,
10180009,2003.723876,31.176,64.323,,301,,298.7057,18.4966,4.8389,36.5749,195.3,-9.99,0.024,,,-9.99,,,,
10180009,2003.723876,31.176,64.323,,303,,300.689,18.4915,4.8384,36.5745,195.19,-9.99,0.024,,,-9.99,,,,
10180009,2003.723876,31.176,64.323,,305,,302.6723,18.4876,4.838,36.5743,195.13,-9.99,0.024,,,-9.99,,,,
10180009,2003.723876,31.176,64.323,,307,,304.6556,18.4774,4.8369,36.5732,194.91,-9.99,0.026,,,-9.99,,,,
10180009,2003.723876,31.176,64.323,,309,,306.6388,18.4641,4.8354,36.5717,194.66,-9.99,0.027,,,-9.99,,,,
10180009,2003.723876,31.176,64.323,,311,,308.622,18.451,4.834,36.57,194.38,-9.99,0.029,,,-9.99,,,,
10180009,2003.723876,31.176,64.323,,313,,310.6053,18.4359,4.8322,36.568,194.06,-9.99,0.03,,,-9.99,,,,
10180009,2003.723876,31.176,64.323,,315,,312.5884,18.4251,4.8311,36.5668,193.8,-9.99,0.026,,,-9.99,,,,
10180009,2003.723876,31.176,64.323,,317,,314.5716,18.418,4.8303,36.566,193.69,-9.99,0.025,,,-9.99,,,,
10180009,2003.723876,31.176,64.323,,319,,316.5548,18.406,4.829,36.5648,193.53,-9.99,0.024,,,-9.99,,,,
10180009,2003.723876,31.176,64.323,,321,,318.5379,18.394,4.8277,36.5635,193.45,-9.99,0.028,,,-9.99,,,,
10180009,2003.723876,31.176,64.323,,323,,320.521,18.3796,4.8261,36.5619,193.32,-9.99,0.027,,,-9.99,,,,
10180009,2003.723876,31.176,64.323,,325,,322.5041,18.3721,4.8253,36.5608,193.24,-9.99,0.026,,,-9.99,,,,
10180009,2003.723876,31.176,64.323,,327,,324.4872,18.3583,4.8237,36.5592,193.12,-9.99,0.023,,,-9.99,,,,
10180009,2003.723876,31.176,64.323,,329,,326.4702,18.3486,4.8227,36.5581,193.02,-9.99,0.022,,,-9.99,,,,
10180009,2003.723876,31.176,64.323,,331,,328.4533,18.3384,4.8216,36.557,193,-9.99,0.02,,,-9.99,,,,
10180009,2003.723876,31.176,64.323,,333,,330.4363,18.3319,4.8209,36.5562,193,-9.99,0.021,,,-9.99,,,,
10180009,2003.723876,31.176,64.323,,335,,332.4193,18.3197,4.8195,36.5545,192.98,-9.99,0.025,,,-9.99,,,,
10180009,2003.723876,31.176,64.323,,337,,334.4023,18.3103,4.8185,36.5532,192.96,-9.99,0.025,,,-9.99,,,,
10180009,2003.723876,31.176,64.323,,339,,336.3852,18.2965,4.8169,36.5515,192.95,-9.99,0.022,,,-9.99,,,,
10180009,2003.723876,31.176,64.323,,341,,338.3682,18.2859,4.8157,36.5502,192.85,-9.99,0.023,,,-9.99,,,,
10180009,2003.723876,31.176,64.323,,343,,340.3511,18.2769,4.8148,36.5491,192.7,-9.99,0.023,,,-9.99,,,,
10180009,2003.723876,31.176,64.323,,345,,342.334,18.2691,4.8139,36.5483,192.5,-9.99,0.026,,,-9.99,,,,
10180009,2003.723876,31.176,64.323,,347,,344.3169,18.2613,4.8131,36.5474,192.33,-9.99,0.025,,,-9.99,,,,
10180009,2003.723876,31.176,64.323,,349,,346.2997,18.246,4.8114,36.5454,192.17,-9.99,0.024,,,-9.99,,,,
10180009,2003.723876,31.176,64.323,,351,,348.2826,18.2297,4.8095,36.5434,191.98,-9.99,0.025,,,-9.99,,,,
10180009,2003.723876,31.176,64.323,,353,,350.2654,18.2121,4.8075,36.5413,191.88,-9.99,0.027,,,-9.99,,,,
10180009,2003.723876,31.176,64.323,,355,,352.2482,18.1904,4.805,36.538,191.94,-9.99,0.02,,,-9.99,,,,
10180009,2003.723876,31.176,64.323,,357,,354.231,18.1802,4.8039,36.5369,191.99,-9.99,0.022,,,-9.99,,,,
10180009,2003.723876,31.176,64.323,,359,,356.2138,18.1639,4.8019,36.5341,192.35,-9.99,0.023,,,-9.99,,,,
10180009,2003.723876,31.176,64.323,,361,,358.1965,18.1584,4.8014,36.5336,192.38,-9.99,0.03,,,-9.99,,,,
10180009,2003.723876,31.176,64.323,,363,,360.1792,18.1461,4.8,36.5317,192.28,-9.99,0.022,,,-9.99,,,,
10180009,2003.723876,31.176,64.323,,365,,362.1619,18.1288,4.798,36.5291,192.02,-9.99,0.024,,,-9.99,,,,
10180009,2003.723876,31.176,64.323,,367,,364.1446,18.1088,4.7957,36.5267,191.89,-9.99,0.027,,,-9.99,,,,
10180009,2003.723876,31.176,64.323,,369,,366.1273,18.1008,4.7949,36.5263,191.54,-9.99,0.028,,,-9.99,,,,
10180009,2003.723876,31.176,64.323,,371,,368.11,18.084,4.793,36.524,191.08,-9.99,0.024,,,-9.99,,,,
10180009,2003.723876,31.176,64.323,,373,,370.0926,18.0648,4.7907,36.5212,190.85,-9.99,0.02,,,-9.99,,,,
10180009,2003.723876,31.176,64.323,,375,,372.0752,18.0454,4.7885,36.5186,190.82,-9.99,0.019,,,-9.99,,,,
10180009,2003.723876,31.176,64.323,,377,,374.0578,18.0308,4.7868,36.5167,190.73,-9.99,0.021,,,-9.99,,,,
10180009,2003.723876,31.176,64.323,,379,,376.0404,18.0174,4.7853,36.5149,190.85,-9.99,0.02,,,-9.99,,,,
10180009,2003.723876,31.176,64.323,,381,,378.023,18.0005,4.7834,36.5126,191.06,-9.99,0.016,,,-9.99,,,,
10180009,2003.723876,31.176,64.323,,383,,380.0055,17.9814,4.7812,36.5101,191.19,-9.99,0.02,,,-9.99,,,,
10180009,2003.723876,31.176,64.323,,385,,381.988,17.9689,4.7798,36.5083,191.09,-9.99,0.016,,,-9.99,,,,
10180009,2003.723876,31.176,64.323,,387,,383.9705,17.9395,4.7763,36.5043,190.94,-9.99,0.018,,,-9.99,,,,
10180009,2003.723876,31.176,64.323,,389,,385.953,17.9161,4.7737,36.5014,190.77,-9.99,0.021,,,-9.99,,,,
10180009,2003.723876,31.176,64.323,,391,,387.9355,17.8874,4.7703,36.4977,190.57,-9.99,0.021,,,-9.99,,,,
10180009,2003.723876,31.176,64.323,,393,,389.9179,17.8587,4.767,36.494,190.46,-9.99,0.022,,,-9.99,,,,
10180009,2003.723876,31.176,64.323,,395,,391.9003,17.8269,4.7633,36.4896,190.42,-9.99,0.023,,,-9.99,,,,
10180009,2003.723876,31.176,64.323,,397,,393.8827,17.8049,4.7607,36.4866,190.45,-9.99,0.024,,,-9.99,,,,
10180009,2003.723876,31.176,64.323,,399,,395.8651,17.7737,4.7571,36.4826,190.54,-9.99,0.022,,,-9.99,,,,
10180009,2003.723876,31.176,64.323,,401,,397.8475,17.7692,4.7567,36.4822,190.53,-9.99,0.017,,,-9.99,,,,
10180009,2003.723876,31.176,64.323,,403,,399.8298,17.7678,4.7566,36.482,190.44,-9.99,0.017,,,-9.99,,,,
10180009,2003.723876,31.176,64.323,,405,,401.8122,17.767,4.7566,36.4819,190.36,-9.99,0.018,,,-9.99,,,,
10180009,2003.723876,31.176,64.323,,407,,403.7945,17.7667,4.7567,36.4819,190.25,-9.99,0.02,,,-9.99,,,,
10180009,2003.723876,31.176,64.323,,409,,405.7768,17.7658,4.7567,36.4818,190.26,-9.99,0.025,,,-9.99,,,,
10180009,2003.723876,31.176,64.323,,411,,407.759,17.7582,4.7558,36.4806,190.12,-9.99,0.023,,,-9.99,,,,
10180009,2003.723876,31.176,64.323,,413,,409.7413,17.7263,4.7521,36.4759,190.26,-9.99,0.023,,,-9.99,,,,
10180009,2003.723876,31.176,64.323,,415,,411.7235,17.7086,4.75,36.4731,190.32,-9.99,0.021,,,-9.99,,,,
10180009,2003.723876,31.176,64.323,,417,,413.7058,17.682,4.7469,36.4693,190.39,-9.99,0.016,,,-9.99,,,,
10180009,2003.723876,31.176,64.323,,419,,415.688,17.6646,4.7449,36.4671,190.4,-9.99,0.019,,,-9.99,,,,
10180009,2003.723876,31.176,64.323,,421,,417.6701,17.6535,4.7437,36.4657,190.4,-9.99,0.023,,,-9.99,,,,
10180009,2003.723876,31.176,64.323,,423,,419.6523,17.6396,4.7421,36.4638,190.37,-9.99,0.025,,,-9.99,,,,
10180009,2003.723876,31.176,64.323,,425,,421.6344,17.6314,4.7412,36.4625,190.52,-9.99,0.02,,,-9.99,,,,
10180009,2003.723876,31.176,64.323,,427,,423.6165,17.6193,4.7399,36.4611,190.44,-9.99,0.025,,,-9.99,,,,
10180009,2003.723876,31.176,64.323,,429,,425.5986,17.6072,4.7385,36.4592,190.16,-9.99,0.021,,,-9.99,,,,
10180009,2003.723876,31.176,64.323,,431,,427.5807,17.5812,4.7355,36.4556,190.25,-9.99,0.023,,,-9.99,,,,
10180009,2003.723876,31.176,64.323,,433,,429.5628,17.5694,4.7341,36.4538,190.31,-9.99,0.029,,,-9.99,,,,
10180009,2003.723876,31.176,64.323,,435,,431.5448,17.5466,4.7315,36.4505,190.34,-9.99,0.022,,,-9.99,,,,
10180009,2003.723876,31.176,64.323,,437,,433.5269,17.532,4.7299,36.4491,190.34,-9.99,0.015,,,-9.99,,,,
10180009,2003.723876,31.176,64.323,,439,,435.5089,17.5216,4.7287,36.4474,190.48,-9.99,0.018,,,-9.99,,,,
10180009,2003.723876,31.176,64.323,,441,,437.4909,17.5074,4.7271,36.4454,190.71,-9.99,0.024,,,-9.99,,,,
10180009,2003.723876,31.176,64.323,,443,,439.4728,17.4867,4.7246,36.4418,190.9,-9.99,0.022,,,-9.99,,,,
10180009,2003.723876,31.176,64.323,,445,,441.4548,17.4602,4.7216,36.4386,190.97,-9.99,0.024,,,-9.99,,,,
10180009,2003.723876,31.176,64.323,,447,,443.4367,17.4487,4.7203,36.4372,190.99,-9.99,0.023,,,-9.99,,,,
10180009,2003.723876,31.176,64.323,,449,,445.4186,17.4378,4.7191,36.4356,190.99,-9.99,0.02,,,-9.99,,,,
10180009,2003.723876,31.176,64.323,,451,,447.4005,17.4301,4.7182,36.4342,190.98,-9.99,0.02,,,-9.99,,,,
10180009,2003.723876,31.176,64.323,,453,,449.3824,17.4125,4.7161,36.4307,191.02,-9.99,0.02,,,-9.99,,,,
10180009,2003.723876,31.176,64.323,,455,,451.3642,17.3917,4.7138,36.4284,191.09,-9.99,0.028,,,-9.99,,,,
10180009,2003.723876,31.176,64.323,,457,,453.3461,17.3816,4.7126,36.4269,191,-9.99,0.026,,,-9.99,,,,
10180009,2003.723876,31.176,64.323,,459,,455.3279,17.3702,4.7113,36.4249,190.86,-9.99,0.023,,,-9.99,,,,
10180009,2003.723876,31.176,64.323,,461,,457.3097,17.3568,4.7098,36.4228,190.79,-9.99,0.023,,,-9.99,,,,
10180009,2003.723876,31.176,64.323,,463,,459.2915,17.3396,4.7078,36.42,190.87,-9.99,0.029,,,-9.99,,,,
10180009,2003.723876,31.176,64.323,,465,,461.2732,17.3172,4.7051,36.4161,190.95,-9.99,0.03,,,-9.99,,,,
10180009,2003.723876,31.176,64.323,,467,,463.255,17.2879,4.7016,36.4114,190.98,-9.99,0.023,,,-9.99,,,,
10180009,2003.723876,31.176,64.323,,469,,465.2367,17.2753,4.7002,36.4099,190.9,-9.99,0.019,,,-9.99,,,,
10180009,2003.723876,31.176,64.323,,471,,467.2184,17.2648,4.6991,36.4083,190.85,-9.99,0.019,,,-9.99,,,,
10180009,2003.723876,31.176,64.323,,473,,469.2001,17.256,4.698,36.4064,190.78,-9.99,0.021,,,-9.99,,,,
10180009,2003.723876,31.176,64.323,,475,,471.1817,17.2421,4.6964,36.4037,190.91,-9.99,0.022,,,-9.99,,,,
10180009,2003.723876,31.176,64.323,,477,,473.1634,17.219,4.6937,36.4002,190.58,-9.99,0.026,,,-9.99,,,,
10180009,2003.723876,31.176,64.323,,479,,475.145,17.2046,4.692,36.398,190.48,-9.99,0.029,,,-9.99,,,,
10180009,2003.723876,31.176,64.323,,481,,477.1266,17.1926,4.6907,36.3963,190.44,-9.99,0.033,,,-9.99,,,,
10180009,2003.723876,31.176,64.323,,483,,479.1082,17.1755,4.6885,36.3925,190.4,-9.99,0.013,,,-9.99,,,,
10180009,2003.723876,31.176,64.323,,485,,481.0898,17.1522,4.6858,36.3891,190.2,-9.99,0.012,,,-9.99,,,,
10180009,2003.723876,31.176,64.323,,487,,483.0713,17.1344,4.6837,36.386,190.1,-9.99,0.017,,,-9.99,,,,
10180009,2003.723876,31.176,64.323,,489,,485.0528,17.1107,4.6809,36.3817,190.01,-9.99,0.032,,,-9.99,,,,
10180009,2003.723876,31.176,64.323,,491,,487.0344,17.0918,4.6786,36.3783,189.93,-9.99,0.025,,,-9.99,,,,
10180009,2003.723876,31.176,64.323,,493,,489.0159,17.0749,4.6767,36.3754,189.6,-9.99,0.023,,,-9.99,,,,
10180009,2003.723876,31.176,64.323,,495,,490.9973,17.051,4.6738,36.3712,189.29,-9.99,0.022,,,-9.99,,,,
10180009,2003.723876,31.176,64.323,,497,,492.9788,17.0184,4.6699,36.3656,189.19,-9.99,0.02,,,-9.99,,,,
10180009,2003.723876,31.176,64.323,,499,,494.9602,17.003,4.668,36.3625,189.13,-9.99,0.02,,,-9.99,,,,
10180009,2003.723876,31.176,64.323,,501,,496.9416,16.9882,4.6663,36.3602,188.93,-9.99,0.018,,,-9.99,,,,
10180009,2003.723876,31.176,64.323,,503,,498.923,16.9758,4.6648,36.3572,188.77,-9.99,0.025,,,-9.99,,,,
10180009,2003.723876,31.176,64.323,,505,,500.9044,16.9494,4.6617,36.3526,188.76,-9.99,0.026,,,-9.99,,,,
10180009,2003.723876,31.176,64.323,,507,,502.8858,16.9287,4.6593,36.3495,188.45,-9.99,0.027,,,-9.99,,,,
10180009,2003.723876,31.176,64.323,,509,,504.8671,16.9182,4.6581,36.3483,188.15,-9.99,0.032,,,-9.99,,,,
10180009,2003.723876,31.176,64.323,,511,,506.8484,16.9021,4.6562,36.3453,187.93,-9.99,0.029,,,-9.99,,,,
10180009,2003.723876,31.176,64.323,,513,,508.8297,16.8785,4.6533,36.3402,187.65,-9.99,0.02,,,-9.99,,,,
10180009,2003.723876,31.176,64.323,,515,,510.811,16.8467,4.6495,36.335,187.41,-9.99,0.02,,,-9.99,,,,
10180009,2003.723876,31.176,64.323,,517,,512.7923,16.8293,4.6475,36.3323,187.02,-9.99,0.019,,,-9.99,,,,
10180009,2003.723876,31.176,64.323,,519,,514.7735,16.8184,4.6462,36.3301,186.45,-9.99,0.016,,,-9.99,,,,
10180009,2003.723876,31.176,64.323,,521,,516.7548,16.792,4.6429,36.3241,186.52,-9.99,0.028,,,-9.99,,,,
10180009,2003.723876,31.176,64.323,,523,,518.736,16.748,4.6376,36.3164,186.62,-9.99,0.026,,,-9.99,,,,
10180009,2003.723876,31.176,64.323,,525,,520.7172,16.7192,4.6343,36.3123,186.58,-9.99,0.023,,,-9.99,,,,
10180009,2003.723876,31.176,64.323,,527,,522.6983,16.6955,4.6315,36.3082,186.52,-9.99,0.02,,,-9.99,,,,
10180009,2003.723876,31.176,64.323,,529,,524.6795,16.6746,4.629,36.3044,186.53,-9.99,0.008,,,-9.99,,,,
10180009,2003.723876,31.176,64.323,,531,,526.6606,16.6512,4.6262,36.3001,185.98,-9.99,0.019,,,-9.99,,,,
10180009,2003.723876,31.176,64.323,,533,,528.6417,16.6312,4.6237,36.2959,185.5,-9.99,0.023,,,-9.99,,,,
10180009,2003.723876,31.176,64.323,,535,,530.6228,16.603,4.6203,36.29,185.1,-9.99,0.022,,,-9.99,,,,
10180009,2003.723876,31.176,64.323,,537,,532.6039,16.5568,4.6147,36.2819,184.55,-9.99,0.016,,,-9.99,,,,
10180009,2003.723876,31.176,64.323,,539,,534.585,16.5275,4.6113,36.2771,183.42,-9.99,0.024,,,-9.99,,,,
10180009,2003.723876,31.176,64.323,,541,,536.566,16.4877,4.6063,36.2689,182.94,-9.99,0.028,,,-9.99,,,,
10180009,2003.723876,31.176,64.323,,543,,538.547,16.4559,4.6025,36.2632,182.65,-9.99,0.029,,,-9.99,,,,
10180009,2003.723876,31.176,64.323,,545,,540.528,16.4182,4.5981,36.2571,182.03,-9.99,0.023,,,-9.99,,,,
10180009,2003.723876,31.176,64.323,,547,,542.509,16.4055,4.5966,36.2552,181.87,-9.99,0.016,,,-9.99,,,,
10180009,2003.723876,31.176,64.323,,549,,544.4899,16.3881,4.5945,36.2516,181.73,-9.99,0.019,,,-9.99,,,,
10180009,2003.723876,31.176,64.323,,551,,546.4709,16.3658,4.5919,36.2473,181.41,-9.99,0.02,,,-9.99,,,,
10180009,2003.723876,31.176,64.323,,553,,548.4518,16.3475,4.5897,36.2442,181.04,-9.99,0.03,,,-9.99,,,,
10180009,2003.723876,31.176,64.323,,555,,550.4327,16.3351,4.5883,36.2421,180.6,-9.99,0.02,,,-9.99,,,,
10180009,2003.723876,31.176,64.323,,557,,552.4136,16.3194,4.5863,36.238,180.31,-9.99,0.021,,,-9.99,,,,
10180009,2003.723876,31.176,64.323,,559,,554.3945,16.2432,4.577,36.2236,180.09,-9.99,0.022,,,-9.99,,,,
10180009,2003.723876,31.176,64.323,,561,,556.3753,16.2088,4.5731,36.2196,179.44,-9.99,0.015,,,-9.99,,,,
10180009,2003.723876,31.176,64.323,,563,,558.3561,16.1975,4.5718,36.217,178.96,-9.99,0.021,,,-9.99,,,,
10180009,2003.723876,31.176,64.323,,565,,560.337,16.1604,4.5672,36.2093,178.36,-9.99,0.027,,,-9.99,,,,
10180009,2003.723876,31.176,64.323,,567,,562.3177,16.125,4.563,36.2029,177.78,-9.99,0.029,,,-9.99,,,,
10180009,2003.723876,31.176,64.323,,569,,564.2985,16.0776,4.5573,36.1941,177.15,-9.99,0.026,,,-9.99,,,,
10180009,2003.723876,31.176,64.323,,571,,566.2793,16.0238,4.5507,36.1839,177.12,-9.99,0.026,,,-9.99,,,,
10180009,2003.723876,31.176,64.323,,573,,568.26,15.9625,4.5434,36.1734,176.9,-9.99,0.03,,,-9.99,,,,
10180009,2003.723876,31.176,64.323,,575,,570.2407,15.9164,4.5379,36.1655,176.46,-9.99,0.028,,,-9.99,,,,
10180009,2003.723876,31.176,64.323,,577,,572.2214,15.8708,4.5325,36.1577,176.09,-9.99,0.023,,,-9.99,,,,
10180009,2003.723876,31.176,64.323,,579,,574.2021,15.8331,4.528,36.1514,175.91,-9.99,0.024,,,-9.99,,,,
10180009,2003.723876,31.176,64.323,,581,,576.1828,15.7945,4.5234,36.1445,175.91,-9.99,0.025,,,-9.99,,,,
10180009,2003.723876,31.176,64.323,,583,,578.1634,15.7507,4.5183,36.1374,175.87,-9.99,0.025,,,-9.99,,,,
10180009,2003.723876,31.176,64.323,,585,,580.144,15.7122,4.5136,36.1302,175.51,-9.99,0.029,,,-9.99,,,,
10180009,2003.723876,31.176,64.323,,587,,582.1246,15.6661,4.5082,36.1224,175.19,-9.99,0.027,,,-9.99,,,,
10180009,2003.723876,31.176,64.323,,589,,584.1052,15.6324,4.5042,36.1167,174.98,-9.99,0.026,,,-9.99,,,,
10180009,2003.723876,31.176,64.323,,591,,586.0858,15.5987,4.5002,36.1106,174.68,-9.99,0.027,,,-9.99,,,,
10180009,2003.723876,31.176,64.323,,593,,588.0663,15.5742,4.4974,36.1067,174.2,-9.99,0.024,,,-9.99,,,,
10180009,2003.723876,31.176,64.323,,595,,590.0468,15.5387,4.4932,36.1002,173.55,-9.99,0.019,,,-9.99,,,,
10180009,2003.723876,31.176,64.323,,597,,592.0273,15.5033,4.4889,36.0936,173.1,-9.99,0.025,,,-9.99,,,,
10180009,2003.723876,31.176,64.323,,599,,594.0078,15.4344,4.4807,36.0816,172.53,-9.99,0.013,,,-9.99,,,,
10180009,2003.723876,31.176,64.323,,601,,595.9883,15.3758,4.4738,36.0716,171.96,-9.99,0.02,,,-9.99,,,,
10180009,2003.723876,31.176,64.323,,603,,597.9687,15.3429,4.4699,36.0659,171.53,-9.99,0.025,,,-9.99,,,,
10180009,2003.723876,31.176,64.323,,605,,599.9492,15.2975,4.4646,36.0584,171.18,-9.99,0.025,,,-9.99,,,,
10180009,2003.723876,31.176,64.323,,607,,601.9296,15.2501,4.459,36.0502,170.88,-9.99,0.024,,,-9.99,,,,
10180009,2003.723876,31.176,64.323,,609,,603.91,15.2286,4.4565,36.0468,170.78,-9.99,0.022,,,-9.99,,,,
10180009,2003.723876,31.176,64.323,,611,,605.8903,15.2133,4.4548,36.0444,170.34,-9.99,0.031,,,-9.99,,,,
10180009,2003.723876,31.176,64.323,,613,,607.8707,15.1988,4.4531,36.0418,169.66,-9.99,0.036,,,-9.99,,,,
10180009,2003.723876,31.176,64.323,,615,,609.851,15.1734,4.45,36.0357,169.17,-9.99,0.035,,,-9.99,,,,
10180009,2003.723876,31.176,64.323,,617,,611.8314,15.0977,4.4407,36.0202,169.11,-9.99,0.034,,,-9.99,,,,
10180009,2003.723876,31.176,64.323,,619,,613.8117,15.0418,4.4345,36.0139,168.73,-9.99,0.028,,,-9.99,,,,
10180009,2003.723876,31.176,64.323,,621,,615.7919,15.0273,4.4329,36.0118,167.72,-9.99,0.019,,,-9.99,,,,
10180009,2003.723876,31.176,64.323,,623,,617.7722,15.0077,4.4303,36.0052,167.21,-9.99,0.029,,,-9.99,,,,
10180009,2003.723876,31.176,64.323,,625,,619.7524,14.9309,4.4213,35.9933,167.1,-9.99,0.026,,,-9.99,,,,
10180009,2003.723876,31.176,64.323,,627,,621.7327,14.8343,4.4098,35.9758,166.92,-9.99,0.023,,,-9.99,,,,
10180009,2003.723876,31.176,64.323,,629,,623.7129,14.7896,4.4049,35.9711,166.75,-9.99,0.025,,,-9.99,,,,
10180009,2003.723876,31.176,64.323,,631,,625.693,14.7656,4.4022,35.9675,166.42,-9.99,0.031,,,-9.99,,,,
10180009,2003.723876,31.176,64.323,,633,,627.6732,14.751,4.4005,35.9654,165.93,-9.99,0.025,,,-9.99,,,,
10180009,2003.723876,31.176,64.323,,635,,629.6534,14.7392,4.3991,35.9625,165.48,-9.99,0.028,,,-9.99,,,,
10180009,2003.723876,31.176,64.323,,637,,631.6335,14.7145,4.3962,35.9579,165.11,-9.99,0.029,,,-9.99,,,,
10180009,2003.723876,31.176,64.323,,639,,633.6136,14.6474,4.3884,35.9471,164.7,-9.99,0.021,,,-9.99,,,,
10180009,2003.723876,31.176,64.323,,641,,635.5937,14.5857,4.3813,35.9379,164.25,-9.99,0.016,,,-9.99,,,,
10180009,2003.723876,31.176,64.323,,643,,637.5738,14.557,4.3779,35.932,163.86,-9.99,0.019,,,-9.99,,,,
10180009,2003.723876,31.176,64.323,,645,,639.5538,14.5057,4.3719,35.9232,163.4,-9.99,0.025,,,-9.99,,,,
10180009,2003.723876,31.176,64.323,,647,,641.5338,14.4309,4.3632,35.911,162.63,-9.99,0.028,,,-9.99,,,,
10180009,2003.723876,31.176,64.323,,649,,643.5139,14.3886,4.3582,35.9039,162.21,-9.99,0.028,,,-9.99,,,,
10180009,2003.723876,31.176,64.323,,651,,645.4939,14.3212,4.3504,35.893,161.6,-9.99,0.027,,,-9.99,,,,
10180009,2003.723876,31.176,64.323,,653,,647.4738,14.248,4.3418,35.8798,161.05,-9.99,0.026,,,-9.99,,,,
10180009,2003.723876,31.176,64.323,,655,,649.4538,14.1693,4.3328,35.8685,160.58,-9.99,0.02,,,-9.99,,,,
10180009,2003.723876,31.176,64.323,,657,,651.4337,14.0936,4.324,35.8561,159.87,-9.99,0.025,,,-9.99,,,,
10180009,2003.723876,31.176,64.323,,659,,653.4136,14.0285,4.3164,35.8456,159.54,-9.99,0.023,,,-9.99,,,,
10180009,2003.723876,31.176,64.323,,661,,655.3935,13.9731,4.3101,35.8374,159.01,-9.99,0.025,,,-9.99,,,,
10180009,2003.723876,31.176,64.323,,663,,657.3734,13.9346,4.3057,35.8308,158.53,-9.99,0.025,,,-9.99,,,,
10180009,2003.723876,31.176,64.323,,665,,659.3533,13.8655,4.2978,35.8203,158.01,-9.99,0.022,,,-9.99,,,,
10180009,2003.723876,31.176,64.323,,667,,661.3331,13.7983,4.2901,35.8104,157.43,-9.99,0.019,,,-9.99,,,,
10180009,2003.723876,31.176,64.323,,669,,663.313,13.7374,4.2831,35.8005,157.1,-9.99,0.024,,,-9.99,,,,
10180009,2003.723876,31.176,64.323,,671,,665.2928,13.6649,4.2748,35.7893,156.78,-9.99,0.025,,,-9.99,,,,
10180009,2003.723876,31.176,64.323,,673,,667.2726,13.6063,4.2682,35.7808,156.48,-9.99,0.022,,,-9.99,,,,
10180009,2003.723876,31.176,64.323,,675,,669.2523,13.5643,4.2634,35.7747,156.06,-9.99,0.022,,,-9.99,,,,
10180009,2003.723876,31.176,64.323,,677,,671.2321,13.5104,4.2572,35.7658,155.76,-9.99,0.03,,,-9.99,,,,
10180009,2003.723876,31.176,64.323,,679,,673.2118,13.4443,4.2499,35.757,155.63,-9.99,0.026,,,-9.99,,,,
10180009,2003.723876,31.176,64.323,,681,,675.1915,13.4059,4.2456,35.7516,155.4,-9.99,0.028,,,-9.99,,,,
10180009,2003.723876,31.176,64.323,,683,,677.1712,13.3754,4.2421,35.7469,155.11,-9.99,0.03,,,-9.99,,,,
10180009,2003.723876,31.176,64.323,,685,,679.1509,13.3423,4.2384,35.7418,154.87,-9.99,0.026,,,-9.99,,,,
10180009,2003.723876,31.176,64.323,,687,,681.1305,13.2773,4.231,35.7314,154.76,-9.99,0.015,,,-9.99,,,,
10180009,2003.723876,31.176,64.323,,689,,683.1102,13.2211,4.2249,35.7255,154.5,-9.99,0.024,,,-9.99,,,,
10180009,2003.723876,31.176,64.323,,691,,685.0898,13.1998,4.2225,35.7221,154.12,-9.99,0.028,,,-9.99,,,,
10180009,2003.723876,31.176,64.323,,693,,687.0694,13.1406,4.2158,35.7127,153.88,-9.99,0.027,,,-9.99,,,,
10180009,2003.723876,31.176,64.323,,695,,689.049,13.0991,4.2112,35.7072,153.57,-9.99,0.021,,,-9.99,,,,
10180009,2003.723876,31.176,64.323,,697,,691.0285,13.0592,4.2067,35.7014,153.12,-9.99,0.026,,,-9.99,,,,
10180009,2003.723876,31.176,64.323,,699,,693.0081,13.0164,4.2019,35.6951,152.79,-9.99,0.024,,,-9.99,,,,
10180009,2003.723876,31.176,64.323,,701,,694.9876,12.9668,4.1964,35.6876,152.64,-9.99,0.032,,,-9.99,,,,
10180009,2003.723876,31.176,64.323,,703,,696.9671,12.9379,4.1932,35.6839,152.55,-9.99,0.033,,,-9.99,,,,
10180009,2003.723876,31.176,64.323,,705,,698.9466,12.9043,4.1895,35.6797,151.96,-9.99,0.036,,,-9.99,,,,
10180009,2003.723876,31.176,64.323,,707,,700.9261,12.8684,4.1855,35.6742,151.3,-9.99,0.034,,,-9.99,,,,
10180009,2003.723876,31.176,64.323,,709,,702.9055,12.8327,4.1814,35.6678,150.82,-9.99,0.024,,,-9.99,,,,
10180009,2003.723876,31.176,64.323,,711,,704.8849,12.7165,4.168,35.6479,150.5,-9.99,0.019,,,-9.99,,,,
10180009,2003.723876,31.176,64.323,,713,,706.8643,12.638,4.1593,35.6374,150.44,-9.99,0.018,,,-9.99,,,,
10180009,2003.723876,31.176,64.323,,715,,708.8437,12.5834,4.1534,35.6312,150.02,-9.99,0.025,,,-9.99,,,,
10180009,2003.723876,31.176,64.323,,717,,710.8231,12.5424,4.1489,35.6257,149.48,-9.99,0.03,,,-9.99,,,,
10180009,2003.723876,31.176,64.323,,719,,712.8025,12.4909,4.1431,35.6175,149.28,-9.99,0.034,,,-9.99,,,,
10180009,2003.723876,31.176,64.323,,721,,714.7818,12.4199,4.1352,35.6074,148.98,-9.99,0.03,,,-9.99,,,,
10180009,2003.723876,31.176,64.323,,723,,716.7611,12.3787,4.1307,35.6026,148.7,-9.99,0.028,,,-9.99,,,,
10180009,2003.723876,31.176,64.323,,725,,718.7404,12.3524,4.1278,35.5981,148.45,-9.99,0.029,,,-9.99,,,,
10180009,2003.723876,31.176,64.323,,727,,720.7197,12.3109,4.1232,35.5922,147.97,-9.99,0.034,,,-9.99,,,,
10180009,2003.723876,31.176,64.323,,729,,722.6989,12.25,4.1162,35.5812,147.51,-9.99,0.027,,,-9.99,,,,
10180009,2003.723876,31.176,64.323,,731,,724.6782,12.1584,4.106,35.5678,147.4,-9.99,0.028,,,-9.99,,,,
10180009,2003.723876,31.176,64.323,,733,,726.6574,12.0944,4.0991,35.5612,147.33,-9.99,0.033,,,-9.99,,,,
10180009,2003.723876,31.176,64.323,,735,,728.6366,12.0549,4.0949,35.5564,146.97,-9.99,0.03,,,-9.99,,,,
10180009,2003.723876,31.176,64.323,,737,,730.6158,12.0113,4.0901,35.5504,146.56,-9.99,0.027,,,-9.99,,,,
10180009,2003.723876,31.176,64.323,,739,,732.595,11.9656,4.0851,35.5447,146.44,-9.99,0.032,,,-9.99,,,,
10180009,2003.723876,31.176,64.323,,741,,734.5741,11.898,4.0778,35.5369,146.33,-9.99,0.027,,,-9.99,,,,
10180009,2003.723876,31.176,64.323,,743,,736.5532,11.8398,4.0715,35.5297,146.08,-9.99,0.022,,,-9.99,,,,
10180009,2003.723876,31.176,64.323,,745,,738.5323,11.7753,4.0644,35.5201,146.06,-9.99,0.026,,,-9.99,,,,
10180009,2003.723876,31.176,64.323,,747,,740.5114,11.7255,4.0591,35.5151,145.87,-9.99,0.032,,,-9.99,,,,
10180009,2003.723876,31.176,64.323,,749,,742.4905,11.6467,4.0506,35.5055,145.66,-9.99,0.03,,,-9.99,,,,
10180009,2003.723876,31.176,64.323,,751,,744.4695,11.5994,4.0455,35.4999,145.6,-9.99,0.036,,,-9.99,,,,
10180009,2003.723876,31.176,64.323,,753,,746.4486,11.5472,4.0398,35.4931,145.5,-9.99,0.032,,,-9.99,,,,
10180009,2003.723876,31.176,64.323,,755,,748.4276,11.5015,4.0349,35.4874,145.2,-9.99,0.03,,,-9.99,,,,
10180009,2003.723876,31.176,64.323,,757,,750.4066,11.4571,4.0299,35.48,145.08,-9.99,0.03,,,-9.99,,,,
10180009,2003.723876,31.176,64.323,,759,,752.3856,11.3817,4.0216,35.4686,145.15,-9.99,0.031,,,-9.99,,,,
10180009,2003.723876,31.176,64.323,,761,,754.3645,11.2771,4.0106,35.4593,145.1,-9.99,0.023,,,-9.99,,,,
10180009,2003.723876,31.176,64.323,,763,,756.3435,11.2088,4.0033,35.4518,144.9,-9.99,0.028,,,-9.99,,,,
10180009,2003.723876,31.176,64.323,,765,,758.3224,11.1639,3.9983,35.4437,145.1,-9.99,0.025,,,-9.99,,,,
10180009,2003.723876,31.176,64.323,,767,,760.3013,11.1003,3.9917,35.4387,145.8,-9.99,0.034,,,-9.99,,,,
10180009,2003.723876,31.176,64.323,,769,,762.2802,11.088,3.9907,35.4391,146.72,-9.99,0.031,,,-9.99,,,,
10180009,2003.723876,31.176,64.323,,771,,764.259,11.0817,3.9904,35.4419,146.72,-9.99,0.02,,,-9.99,,,,
10180009,2003.723876,31.176,64.323,,773,,766.2379,11.0384,3.986,35.4386,147.24,-9.99,0.02,,,-9.99,,,,
10180009,2003.723876,31.176,64.323,,775,,768.2167,10.9616,3.9777,35.4287,147.93,-9.99,0.016,,,-9.99,,,,
10180009,2003.723876,31.176,64.323,,777,,770.1955,10.9369,3.9754,35.4283,148.23,-9.99,0.025,,,-9.99,,,,
10180009,2003.723876,31.176,64.323,,779,,772.1743,10.9159,3.9733,35.427,148.19,-9.99,0.032,,,-9.99,,,,
10180009,2003.723876,31.176,64.323,,781,,774.1531,10.8693,3.9683,35.421,148.25,-9.99,0.03,,,-9.99,,,,
10180009,2003.723876,31.176,64.323,,783,,776.1318,10.8209,3.963,35.4137,148.53,-9.99,0.027,,,-9.99,,,,
10180009,2003.723876,31.176,64.323,,785,,778.1105,10.7837,3.9592,35.411,148.77,-9.99,0.027,,,-9.99,,,,
10180009,2003.723876,31.176,64.323,,787,,780.0893,10.7637,3.9572,35.4093,148.95,-9.99,0.025,,,-9.99,,,,
10180009,2003.723876,31.176,64.323,,789,,782.0679,10.7442,3.9553,35.4075,149.02,-9.99,0.025,,,-9.99,,,,
10180009,2003.723876,31.176,64.323,,791,,784.0466,10.7193,3.9527,35.4049,149.03,-9.99,0.022,,,-9.99,,,,
10180009,2003.723876,31.176,64.323,,793,,786.0253,10.6953,3.9502,35.4021,149.1,-9.99,0.026,,,-9.99,,,,
10180009,2003.723876,31.176,64.323,,795,,788.0039,10.6722,3.9478,35.3992,149.14,-9.99,0.027,,,-9.99,,,,
10180009,2003.723876,31.176,64.323,,797,,789.9825,10.6455,3.945,35.396,149.13,-9.99,0.026,,,-9.99,,,,
10180009,2003.723876,31.176,64.323,,799,,791.9611,10.6226,3.9426,35.3935,149.01,-9.99,0.023,,,-9.99,,,,
10180009,2003.723876,31.176,64.323,,801,,793.9397,10.5929,3.9395,35.3898,148.84,-9.99,0.025,,,-9.99,,,,
10180009,2003.723876,31.176,64.323,,803,,795.9183,10.5545,3.9354,35.3847,148.76,-9.99,0.025,,,-9.99,,,,
10180009,2003.723876,31.176,64.323,,805,,797.8968,10.5093,3.9305,35.3788,148.75,-9.99,0.022,,,-9.99,,,,
10180009,2003.723876,31.176,64.323,,807,,799.8753,10.4766,3.9271,35.3751,148.37,-9.99,0.023,,,-9.99,,,,
10180009,2003.723876,31.176,64.323,,809,,801.8538,10.4489,3.9242,35.3718,147.95,-9.99,0.026,,,-9.99,,,,
10180009,2003.723876,31.176,64.323,,811,,803.8323,10.4162,3.9207,35.3666,147.75,-9.99,0.026,,,-9.99,,,,
10180009,2003.723876,31.176,64.323,,813,,805.8108,10.3508,3.9137,35.3587,147.8,-9.99,0.026,,,-9.99,,,,
10180009,2003.723876,31.176,64.323,,815,,807.7893,10.2866,3.907,35.352,147.86,-9.99,0.029,,,-9.99,,,,
10180009,2003.723876,31.176,64.323,,817,,809.7677,10.2638,3.9045,35.3479,147.91,-9.99,0.03,,,-9.99,,,,
10180009,2003.723876,31.176,64.323,,819,,811.7461,10.2319,3.9014,35.346,147.9,-9.99,0.035,,,-9.99,,,,
10180009,2003.723876,31.176,64.323,,821,,813.7245,10.219,3.9001,35.3447,147.84,-9.99,0.039,,,-9.99,,,,
10180009,2003.723876,31.176,64.323,,823,,815.7029,10.213,3.8995,35.344,147.74,-9.99,0.031,,,-9.99,,,,
10180009,2003.723876,31.176,64.323,,825,,817.6812,10.1892,3.897,35.3406,147.54,-9.99,0.027,,,-9.99,,,,
10180009,2003.723876,31.176,64.323,,827,,819.6595,10.1536,3.8932,35.3357,147.4,-9.99,0.025,,,-9.99,,,,
10180009,2003.723876,31.176,64.323,,829,,821.6379,10.0854,3.8859,35.3271,147.33,-9.99,0.028,,,-9.99,,,,
10180009,2003.723876,31.176,64.323,,831,,823.6162,10.0252,3.8795,35.3195,147.29,-9.99,0.029,,,-9.99,,,,
10180009,2003.723876,31.176,64.323,,833,,825.5944,,9.9854,3.8754,35.3155,147,-9.99,0.027,,,-9.99,,,
10180009,2003.723876,31.176,64.323,,835,,827.5727,,9.9456,3.8712,35.3104,146.44,-9.99,0.027,,,-9.99,,,
10180009,2003.723876,31.176,64.323,,837,,829.5509,,9.8808,3.864,35.2992,146.29,-9.99,0.028,,,-9.99,,,
10180009,2003.723876,31.176,64.323,,839,,831.5292,,9.8173,3.8571,35.2894,146.48,-9.99,0.029,,,-9.99,,,
10180009,2003.723876,31.176,64.323,,841,,833.5074,,9.7525,3.8507,35.2853,146.62,-9.99,0.031,,,-9.99,,,
10180009,2003.723876,31.176,64.323,,843,,835.4856,,9.7197,3.8475,35.2838,146.71,-9.99,0.03,,,-9.99,,,
10180009,2003.723876,31.176,64.323,,845,,837.4637,,9.6626,3.8412,35.2745,146.98,-9.99,0.029,,,-9.99,,,
10180009,2003.723876,31.176,64.323,,847,,839.4419,,9.5951,3.8345,35.2703,147.43,-9.99,0.032,,,-9.99,,,
10180009,2003.723876,31.176,64.323,,849,,841.42,,9.5437,3.8295,35.2678,147.94,-9.99,0.035,,,-9.99,,,
10180009,2003.723876,31.176,64.323,,851,,843.3981,,9.511,3.8263,35.2661,148.17,-9.99,0.034,,,-9.99,,,
10180009,2003.723876,31.176,64.323,,853,,845.3762,,9.4861,3.824,35.2656,148.29,-9.99,0.034,,,-9.99,,,
10180009,2003.723876,31.176,64.323,,855,,847.3543,,9.4367,3.8191,35.2624,148.56,-9.99,0.03,,,-9.99,,,
10180009,2003.723876,31.176,64.323,,857,,849.3323,,9.3899,3.8143,35.2585,148.82,-9.99,0.028,,,-9.99,,,
10180009,2003.723876,31.176,64.323,,859,,851.3104,,9.3551,3.8109,35.2556,148.95,-9.99,0.029,,,-9.99,,,
10180009,2003.723876,31.176,64.323,,861,,853.2884,,9.3281,3.8082,35.2532,149.06,-9.99,0.028,,,-9.99,,,
10180009,2003.723876,31.176,64.323,,863,,855.2664,,9.3006,3.8054,35.251,149.23,-9.99,0.025,,,-9.99,,,
10180009,2003.723876,31.176,64.323,,865,,857.2444,,9.2644,3.8017,35.2467,149.43,-9.99,0.026,,,-9.99,,,
10180009,2003.723876,31.176,64.323,,867,,859.2223,,9.1976,3.7949,35.2406,149.72,-9.99,0.032,,,-9.99,,,
10180009,2003.723876,31.176,64.323,,869,,861.2003,,9.1666,3.7919,35.2394,149.85,-9.99,0.03,,,-9.99,,,
10180009,2003.723876,31.176,64.323,,871,,863.1782,,9.1539,3.7907,35.2388,149.85,-9.99,0.026,,,-9.99,,,
10180009,2003.723876,31.176,64.323,,873,,865.1561,,9.1354,3.7887,35.2355,149.9,-9.99,0.024,,,-9.99,,,
10180009,2003.723876,31.176,64.323,,875,,867.134,,9.0833,3.7833,35.2292,150.02,-9.99,0.026,,,-9.99,,,
10180009,2003.723876,31.176,64.323,,877,,869.1118,,9.0536,3.7804,35.227,150.18,-9.99,0.026,,,-9.99,,,
10180009,2003.723876,31.176,64.323,,879,,871.0897,,9.0203,3.777,35.2232,150.43,-9.99,0.031,,,-9.99,,,
10180009,2003.723876,31.176,64.323,,881,,873.0675,,8.964,3.7713,35.219,150.66,-9.99,0.028,,,-9.99,,,
10180009,2003.723876,31.176,64.323,,883,,875.0453,,8.917,3.7667,35.2157,150.97,-9.99,0.023,,,-9.99,,,
10180009,2003.723876,31.176,64.323,,885,,877.0231,,8.8785,3.7625,35.2092,151.47,-9.99,0.023,,,-9.99,,,
10180009,2003.723876,31.176,64.323,,887,,879.0009,,8.7858,3.7531,35.201,151.94,-9.99,0.016,,,-9.99,,,
10180009,2003.723876,31.176,64.323,,889,,880.9786,,8.7636,3.751,35.2002,152.07,-9.99,0.024,,,-9.99,,,
10180009,2003.723876,31.176,64.323,,891,,882.9564,,8.7291,3.7476,35.198,152.24,-9.99,0.028,,,-9.99,,,
10180009,2003.723876,31.176,64.323,,893,,884.9341,,8.6865,3.7435,35.1952,152.44,-9.99,0.033,,,-9.99,,,
10180009,2003.723876,31.176,64.323,,895,,886.9118,,8.6639,3.7413,35.1942,152.56,-9.99,0.028,,,-9.99,,,
10180009,2003.723876,31.176,64.323,,897,,888.8895,,8.643,3.7393,35.1927,152.78,-9.99,0.022,,,-9.99,,,
10180009,2003.723876,31.176,64.323,,899,,890.8671,,8.6119,3.7362,35.1902,153.05,-9.99,0.024,,,-9.99,,,
10180009,2003.723876,31.176,64.323,,901,,892.8448,,8.5929,3.7345,35.1897,153.21,-9.99,0.03,,,-9.99,,,
10180009,2003.723876,31.176,64.323,,903,,894.8224,,8.5911,3.7344,35.1901,153.18,-9.99,0.036,,,-9.99,,,
10180009,2003.723876,31.176,64.323,,905,,896.8,,8.5918,3.7346,35.1902,153.2,-9.99,0.031,,,-9.99,,,
10180009,2003.723876,31.176,64.323,,907,,898.7776,,8.5863,3.7341,35.1895,153.36,-9.99,0.023,,,-9.99,,,
10180009,2003.723876,31.176,64.323,,909,,900.7552,,8.5522,3.7307,35.1864,153.79,-9.99,0.027,,,-9.99,,,
10180009,2003.723876,31.176,64.323,,911,,902.7327,,8.5207,3.7276,35.1837,154.3,-9.99,0.034,,,-9.99,,,
10180009,2003.723876,31.176,64.323,,913,,904.7102,,8.4688,3.7225,35.1804,154.96,-9.99,0.029,,,-9.99,,,
10180009,2003.723876,31.176,64.323,,915,,906.6877,,8.4347,3.7191,35.1779,155.62,-9.99,0.029,,,-9.99,,,
10180009,2003.723876,31.176,64.323,,917,,908.6652,,8.3941,3.7151,35.1747,156.23,-9.99,0.033,,,-9.99,,,
10180009,2003.723876,31.176,64.323,,919,,910.6427,,8.3341,3.7092,35.1703,157.02,-9.99,0.033,,,-9.99,,,
10180009,2003.723876,31.176,64.323,,921,,912.6202,,8.2844,3.7043,35.1669,157.65,-9.99,0.033,,,-9.99,,,
10180009,2003.723876,31.176,64.323,,923,,914.5976,,8.2365,3.6996,35.1642,158.31,-9.99,0.031,,,-9.99,,,
10180009,2003.723876,31.176,64.323,,925,,916.575,,8.1947,3.6955,35.161,159.2,-9.99,0.028,,,-9.99,,,
10180009,2003.723876,31.176,64.323,,927,,918.5524,,8.1436,3.6904,35.1569,159.96,-9.99,0.028,,,-9.99,,,
10180009,2003.723876,31.176,64.323,,929,,920.5298,,8.101,3.6864,35.1556,160.55,-9.99,0.028,,,-9.99,,,
10180009,2003.723876,31.176,64.323,,931,,922.5071,,8.0728,3.6837,35.1542,160.99,-9.99,0.025,,,-9.99,,,
10180009,2003.723876,31.176,64.323,,933,,924.4845,,8.0308,3.6796,35.1515,161.52,-9.99,0.026,,,-9.99,,,
10180009,2003.723876,31.176,64.323,,935,,926.4618,,7.9826,3.6749,35.1482,162.08,-9.99,0.026,,,-9.99,,,
10180009,2003.723876,31.176,64.323,,937,,928.4391,,7.9361,3.6704,35.1451,162.63,-9.99,0.025,,,-9.99,,,
10180009,2003.723876,31.176,64.323,,939,,930.4164,,7.9012,3.667,35.1432,163.19,-9.99,0.02,,,-9.99,,,
10180009,2003.723876,31.176,64.323,,941,,932.3937,,7.8706,3.6641,35.1416,163.69,-9.99,0.018,,,-9.99,,,
10180009,2003.723876,31.176,64.323,,943,,934.3709,,7.8332,3.6605,35.1395,164.2,-9.99,0.02,,,-9.99,,,
10180009,2003.723876,31.176,64.323,,945,,936.3481,,7.7999,3.6573,35.1373,164.72,-9.99,0.019,,,-9.99,,,
10180009,2003.723876,31.176,64.323,,947,,938.3253,,7.7664,3.6541,35.1353,165.26,-9.99,0.017,,,-9.99,,,
10180009,2003.723876,31.176,64.323,,949,,940.3025,,7.7247,3.6501,35.1338,165.75,-9.99,0.025,,,-9.99,,,
10180009,2003.723876,31.176,64.323,,951,,942.2797,,7.6849,3.6464,35.1325,166.23,-9.99,0.032,,,-9.99,,,
10180009,2003.723876,31.176,64.323,,953,,944.2569,,7.6725,3.6453,35.1322,166.39,-9.99,0.032,,,-9.99,,,
10180009,2003.723876,31.176,64.323,,955,,946.234,,7.6563,3.6438,35.1312,166.42,-9.99,0.031,,,-9.99,,,
10180009,2003.723876,31.176,64.323,,957,,948.2111,,7.5837,3.6367,35.1268,166.57,-9.99,0.02,,,-9.99,,,
10180009,2003.723876,31.176,64.323,,959,,950.1882,,7.5455,3.633,35.1244,166.67,-9.99,0.02,,,-9.99,,,
10180009,2003.723876,31.176,64.323,,961,,952.1653,,7.5142,3.6301,35.1235,166.73,-9.99,0.017,,,-9.99,,,
10180009,2003.723876,31.176,64.323,,963,,954.1423,,7.5055,3.6294,35.1233,166.77,-9.99,0.028,,,-9.99,,,
10180009,2003.723876,31.176,64.323,,965,,956.1194,,7.4996,3.6289,35.1232,166.83,-9.99,0.037,,,-9.99,,,
10180009,2003.723876,31.176,64.323,,967,,958.0964,,7.4921,3.6283,35.123,166.92,-9.99,0.034,,,-9.99,,,
10180009,2003.723876,31.176,64.323,,969,,960.0734,,7.4709,3.6263,35.1216,167.48,-9.99,0.032,,,-9.99,,,
10180009,2003.723876,31.176,64.323,,971,,962.0504,,7.4428,3.6237,35.1207,168.56,-9.99,0.03,,,-9.99,,,
10180009,2003.723876,31.176,64.323,,973,,964.0274,,7.4284,3.6226,35.1228,169.19,-9.99,0.026,,,-9.99,,,
10180009,2003.723876,31.176,64.323,,975,,966.0043,,7.4355,3.6241,35.1308,169.43,-9.99,0.026,,,-9.99,,,
10180009,2003.723876,31.176,64.323,,977,,967.9812,,7.4386,3.6247,35.1334,169.62,-9.99,0.027,,,-9.99,,,
10180009,2003.723876,31.176,64.323,,979,,969.9582,,7.3949,3.6202,35.1275,170,-9.99,0.028,,,-9.99,,,
10180009,2003.723876,31.176,64.323,,981,,971.935,,7.3806,3.6189,35.1265,170.32,-9.99,0.026,,,-9.99,,,
10180009,2003.723876,31.176,64.323,,983,,973.9119,,7.3706,3.618,35.126,170.9,-9.99,0.027,,,-9.99,,,
10180009,2003.723876,31.176,64.323,,985,,975.8888,,7.347,3.6158,35.1256,171.6,-9.99,0.031,,,-9.99,,,
10180009,2003.723876,31.176,64.323,,987,,977.8656,,7.3307,3.6149,35.1304,172.17,-9.99,0.023,,,-9.99,,,
10180009,2003.723876,31.176,64.323,,989,,979.8424,,7.3242,3.6144,35.1316,172.96,-9.99,0.021,,,-9.99,,,
10180009,2003.723876,31.176,64.323,,991,,981.8192,,7.3092,3.6133,35.1338,173.8,-9.99,0.023,,,-9.99,,,
10180009,2003.723876,31.176,64.323,,993,,983.796,,7.3143,3.6145,35.1398,174.16,-9.99,0.028,,,-9.99,,,
10180009,2003.723876,31.176,64.323,,995,,985.7728,,7.3137,3.6147,35.1423,174.59,-9.99,0.033,,,-9.99,,,
10180009,2003.723876,31.176,64.323,,997,,987.7495,,7.3061,3.6143,35.1443,175.03,-9.99,0.028,,,-9.99,,,
10180009,2003.723876,31.176,64.323,,999,,989.7262,,7.2944,3.6133,35.145,175.33,-9.99,0.027,,,-9.99,,,
10180009,2003.723876,31.176,64.323,1001,,991.7029,,7.2788,3.6119,35.1443,175.61,-9.99,0.027,,,-9.99,,,,
10180009,2003.723876,31.176,64.323,1003,,993.6796,,7.2509,3.6092,35.142,176.29,-9.99,0.019,,,-9.99,,,,
10180009,2003.723876,31.176,64.323,1005,,995.6563,,7.2327,3.6076,35.1422,176.6,-9.99,0.02,,,-9.99,,,,
10180009,2003.723876,31.176,64.323,1007,,997.6329,,7.2125,3.6061,35.1453,177.03,-9.99,0.021,,,-9.99,,,,
10180009,2003.723876,31.176,64.323,1009,,999.6096,,7.2147,3.6066,35.1471,177.17,-9.99,0.019,,,-9.99,,,,
10180009,2003.723876,31.176,64.323,1011,1001.5862,,7.2104,3.6063,35.1474,177.36,-9.99,0.025,,,-9.99,,,,,
10180009,2003.723876,31.176,64.323,1013,1003.5628,,7.1949,3.6049,35.1472,177.85,-9.99,0.03,,,-9.99,,,,,
10180009,2003.723876,31.176,64.323,1015,1005.5393,,7.1689,3.6026,35.1468,178.35,-9.99,0.032,,,-9.99,,,,,
10180009,2003.723876,31.176,64.323,1017,1007.5159,,7.135,3.5995,35.1471,178.77,-9.99,0.031,,,-9.99,,,,,
10180009,2003.723876,31.176,64.323,1019,1009.4924,,7.1318,3.5994,35.1474,178.95,-9.99,0.024,,,-9.99,,,,,
10180009,2003.723876,31.176,64.323,1021,1011.4689,,7.1262,3.5989,35.1472,179.23,-9.99,0.02,,,-9.99,,,,,
10180009,2003.723876,31.176,64.323,1023,1013.4454,,7.1119,3.5977,35.147,179.48,-9.99,0.019,,,-9.99,,,,,
10180009,2003.723876,31.176,64.323,1025,1015.4219,,7.0976,3.5964,35.1471,179.88,-9.99,0.017,,,-9.99,,,,,
10180009,2003.723876,31.176,64.323,1027,1017.3984,,7.0856,3.5954,35.1471,180.31,-9.99,0.024,,,-9.99,,,,,
10180009,2003.723876,31.176,64.323,1029,1019.3748,,7.0671,3.5937,35.1458,180.77,-9.99,0.026,,,-9.99,,,,,
10180009,2003.723876,31.176,64.323,1031,1021.3513,,7.0351,3.5908,35.1457,181.17,-9.99,0.023,,,-9.99,,,,,
10180009,2003.723876,31.176,64.323,1033,1023.3277,,7.0128,3.5888,35.1462,181.5,-9.99,0.027,,,-9.99,,,,,
10180009,2003.723876,31.176,64.323,1035,1025.304,,6.9775,3.5853,35.1428,181.96,-9.99,0.027,,,-9.99,,,,,
10180009,2003.723876,31.176,64.323,1037,1027.2804,,6.9335,3.581,35.1386,182.23,-9.99,0.024,,,-9.99,,,,,
10180009,2003.723876,31.176,64.323,1039,1029.2568,,6.9043,3.5782,35.1366,182.31,-9.99,0.026,,,-9.99,,,,,
10180009,2003.723876,31.176,64.323,1041,1031.2331,,6.8723,3.5749,35.1325,182.31,-9.99,0.02,,,-9.99,,,,,
10180009,2003.723876,31.176,64.323,1043,1033.2094,,6.8408,3.5717,35.1277,182.44,-9.99,0.021,,,-9.99,,,,,
10180009,2003.723876,31.176,64.323,1045,1035.1857,,6.8139,3.5692,35.1262,182.63,-9.99,0.019,,,-9.99,,,,,
10180009,2003.723876,31.176,64.323,1047,1037.162,,6.8005,3.5678,35.1245,182.75,-9.99,0.022,,,-9.99,,,,,
10180009,2003.723876,31.176,64.323,1049,1039.1382,,6.7901,3.5669,35.1241,182.88,-9.99,0.017,,,-9.99,,,,,
10180009,2003.723876,31.176,64.323,1051,1041.1145,,6.7484,3.5626,35.1181,183.47,-9.99,0.025,,,-9.99,,,,,
10180009,2003.723876,31.176,64.323,1053,1043.0907,,6.6922,3.5572,35.1145,184.39,-9.99,0.034,,,-9.99,,,,,
10180009,2003.723876,31.176,64.323,1055,1045.0669,,6.6979,3.5583,35.1195,184.85,-9.99,0.031,,,-9.99,,,,,
10180009,2003.723876,31.176,64.323,1057,1047.0431,,6.7138,3.5604,35.1261,185.3,-9.99,0.026,,,-9.99,,,,,
10180009,2003.723876,31.176,64.323,1059,1049.0192,,6.7123,3.5605,35.1275,185.74,-9.99,0.029,,,-9.99,,,,,
10180009,2003.723876,31.176,64.323,1061,1050.9954,,6.6867,3.5581,35.1264,186.42,-9.99,0.027,,,-9.99,,,,,
10180009,2003.723876,31.176,64.323,1063,1052.9715,,6.6637,3.556,35.1253,187,-9.99,0.031,,,-9.99,,,,,
10180009,2003.723876,31.176,64.323,1065,1054.9476,,6.6385,3.5536,35.1238,187.67,-9.99,0.037,,,-9.99,,,,,
10180009,2003.723876,31.176,64.323,1067,1056.9237,,6.6043,3.5501,35.1193,188.19,-9.99,0.03,,,-9.99,,,,,
10180009,2003.723876,31.176,64.323,1069,1058.8998,,6.5731,3.5471,35.1169,188.67,-9.99,0.027,,,-9.99,,,,,
10180009,2003.723876,31.176,64.323,1071,1060.8758,,6.5399,3.5439,35.1139,189.2,-9.99,0.024,,,-9.99,,,,,
10180009,2003.723876,31.176,64.323,1073,1062.8518,,6.5277,3.5429,35.1148,189.75,-9.99,0.026,,,-9.99,,,,,
10180009,2003.723876,31.176,64.323,1075,1064.8279,,6.5045,3.5409,35.1146,190.42,-9.99,0.024,,,-9.99,,,,,
10180009,2003.723876,31.176,64.323,1077,1066.8038,,6.4793,3.5388,35.1163,190.73,-9.99,0.032,,,-9.99,,,,,
10180009,2003.723876,31.176,64.323,1079,1068.7798,,6.4475,3.5359,35.1156,191.11,-9.99,0.03,,,-9.99,,,,,
10180009,2003.723876,31.176,64.323,1081,1070.7558,,6.4298,3.5341,35.113,191.35,-9.99,0.026,,,-9.99,,,,,
10180009,2003.723876,31.176,64.323,1083,1072.7317,,6.4016,3.5313,35.1096,191.82,-9.99,0.017,,,-9.99,,,,,
10180009,2003.723876,31.176,64.323,1085,1074.7076,,6.3808,3.5293,35.1074,192.08,-9.99,0.024,,,-9.99,,,,,
10180009,2003.723876,31.176,64.323,1087,1076.6835,,6.347,3.526,35.1045,192.48,-9.99,0.035,,,-9.99,,,,,
10180009,2003.723876,31.176,64.323,1089,1078.6594,,6.3419,3.5256,35.1047,192.59,-9.99,0.035,,,-9.99,,,,,
10180009,2003.723876,31.176,64.323,1091,1080.6353,,6.3194,3.5236,35.1039,192.99,-9.99,0.025,,,-9.99,,,,,
10180009,2003.723876,31.176,64.323,1093,1082.6111,,6.3028,3.5221,35.1034,193.28,-9.99,0.019,,,-9.99,,,,,
10180009,2003.723876,31.176,64.323,1095,1084.587,,6.2787,3.5199,35.1029,193.72,-9.99,0.02,,,-9.99,,,,,
10180009,2003.723876,31.176,64.323,1097,1086.5628,,6.2685,3.5191,35.103,194,-9.99,0.025,,,-9.99,,,,,
10180009,2003.723876,31.176,64.323,1099,1088.5386,,6.2577,3.5182,35.1032,194.31,-9.99,0.024,,,-9.99,,,,,
10180009,2003.723876,31.176,64.323,1101,1090.5143,,6.2447,3.5171,35.1034,194.84,-9.99,0.026,,,-9.99,,,,,
10180009,2003.723876,31.176,64.323,1103,1092.4901,,6.2284,3.5157,35.103,195.35,-9.99,0.027,,,-9.99,,,,,
10180009,2003.723876,31.176,64.323,1105,1094.4658,,6.2013,3.5132,35.1027,195.79,-9.99,0.017,,,-9.99,,,,,
10180009,2003.723876,31.176,64.323,1107,1096.4415,,6.1864,3.512,35.1028,196.23,-9.99,0.014,,,-9.99,,,,,
10180009,2003.723876,31.176,64.323,1109,1098.4172,,6.178,3.5113,35.1031,196.39,-9.99,0.02,,,-9.99,,,,,
10180009,2003.723876,31.176,64.323,1111,1100.3929,,6.1672,3.5104,35.1026,196.85,-9.99,0.021,,,-9.99,,,,,
10180009,2003.723876,31.176,64.323,1113,1102.3686,,6.1524,3.5091,35.1026,197.2,-9.99,0.019,,,-9.99,,,,,
10180009,2003.723876,31.176,64.323,1115,1104.3442,,6.1348,3.5075,35.102,197.52,-9.99,0.017,,,-9.99,,,,,
10180009,2003.723876,31.176,64.323,1117,1106.3198,,6.1274,3.5069,35.1021,197.75,-9.99,0.025,,,-9.99,,,,,
10180009,2003.723876,31.176,64.323,1119,1108.2954,,6.1118,3.5055,35.1016,198.03,-9.99,0.022,,,-9.99,,,,,
10180009,2003.723876,31.176,64.323,1121,1110.271,,6.1008,3.5045,35.1009,198.31,-9.99,0.023,,,-9.99,,,,,
10180009,2003.723876,31.176,64.323,1123,1112.2466,,6.092,3.5038,35.1007,198.54,-9.99,0.024,,,-9.99,,,,,
10180009,2003.723876,31.176,64.323,1125,1114.2221,,6.0817,3.5029,35.1006,198.88,-9.99,0.024,,,-9.99,,,,,
10180009,2003.723876,31.176,64.323,1127,1116.1976,,6.0749,3.5024,35.1006,199.19,-9.99,0.024,,,-9.99,,,,,
10180009,2003.723876,31.176,64.323,1129,1118.1732,,6.0589,3.501,35.1005,199.7,-9.99,0.022,,,-9.99,,,,,
10180009,2003.723876,31.176,64.323,1131,1120.1486,,6.0414,3.4995,35.1002,200.13,-9.99,0.018,,,-9.99,,,,,
10180009,2003.723876,31.176,64.323,1133,1122.1241,,6.0206,3.4976,35.1001,200.59,-9.99,0.017,,,-9.99,,,,,
10180009,2003.723876,31.176,64.323,1135,1124.0996,,6.0155,3.4973,35.1001,200.72,-9.99,0.029,,,-9.99,,,,,
10180009,2003.723876,31.176,64.323,1137,1126.075,,6.0133,3.4971,35.1001,200.88,-9.99,0.02,,,-9.99,,,,,
10180009,2003.723876,31.176,64.323,1139,1128.0504,,6.0024,3.4962,35.0997,201.16,-9.99,0.021,,,-9.99,,,,,
10180009,2003.723876,31.176,64.323,1141,1130.0258,,5.9921,3.4953,35.0991,201.4,-9.99,0.021,,,-9.99,,,,,
10180009,2003.723876,31.176,64.323,1143,1132.0012,,5.9792,3.4941,35.0982,201.65,-9.99,0.017,,,-9.99,,,,,
10180009,2003.723876,31.176,64.323,1145,1133.9766,,5.966,3.4929,35.0978,202.07,-9.99,0.021,,,-9.99,,,,,
10180009,2003.723876,31.176,64.323,1147,1135.9519,,5.9537,3.4919,35.0976,202.76,-9.99,0.024,,,-9.99,,,,,
10180009,2003.723876,31.176,64.323,1149,1137.9272,,5.9442,3.4911,35.0981,202.92,-9.99,0.016,,,-9.99,,,,,
10180009,2003.723876,31.176,64.323,1151,1139.9025,,5.934,3.4902,35.0975,203.34,-9.99,0.016,,,-9.99,,,,,
10180009,2003.723876,31.176,64.323,1153,1141.8778,,5.9047,3.4874,35.0948,204.64,-9.99,0.024,,,-9.99,,,,,
10180009,2003.723876,31.176,64.323,1155,1143.8531,,5.8751,3.4847,35.0937,205.11,-9.99,0.029,,,-9.99,,,,,
10180009,2003.723876,31.176,64.323,1157,1145.8283,,5.8633,3.4838,35.0943,205.38,-9.99,0.028,,,-9.99,,,,,
10180009,2003.723876,31.176,64.323,1159,1147.8036,,5.8651,3.4841,35.0959,205.58,-9.99,0.022,,,-9.99,,,,,
10180009,2003.723876,31.176,64.323,1161,1149.7788,,5.8653,3.4843,35.0965,205.8,-9.99,0.021,,,-9.99,,,,,
10180009,2003.723876,31.176,64.323,1163,1151.754,,5.8588,3.4838,35.0963,205.88,-9.99,0.025,,,-9.99,,,,,
10180009,2003.723876,31.176,64.323,1165,1153.7291,,5.8505,3.4831,35.0965,206.16,-9.99,0.027,,,-9.99,,,,,
10180009,2003.723876,31.176,64.323,1167,1155.7043,,5.8443,3.4826,35.0966,206.61,-9.99,0.025,,,-9.99,,,,,
10180009,2003.723876,31.176,64.323,1169,1157.6794,,5.8091,3.4792,35.0934,206.92,-9.99,0.019,,,-9.99,,,,,
10180009,2003.723876,31.176,64.323,1171,1159.6546,,5.7999,3.4787,35.0955,207.15,-9.99,0.028,,,-9.99,,,,,
10180009,2003.723876,31.176,64.323,1173,1161.6297,,5.8001,3.4788,35.0964,207.36,-9.99,0.03,,,-9.99,,,,,
10180009,2003.723876,31.176,64.323,1175,1163.6047,,5.792,3.4781,35.0958,207.51,-9.99,0.025,,,-9.99,,,,,
10180009,2003.723876,31.176,64.323,1177,1165.5798,,5.7837,3.4775,35.0966,207.75,-9.99,0.028,,,-9.99,,,,,
10180009,2003.723876,31.176,64.323,1179,1167.5548,,5.7704,3.4764,35.0964,207.98,-9.99,0.026,,,-9.99,,,,,
10180009,2003.723876,31.176,64.323,1181,1169.5299,,5.7589,3.4754,35.0961,208.39,-9.99,0.024,,,-9.99,,,,,
10180009,2003.723876,31.176,64.323,1183,1171.5049,,5.7467,3.4743,35.0959,208.52,-9.99,0.015,,,-9.99,,,,,
10180009,2003.723876,31.176,64.323,1185,1173.4799,,5.7439,3.4742,35.0959,208.7,-9.99,0.024,,,-9.99,,,,,
10180009,2003.723876,31.176,64.323,1187,1175.4548,,5.7375,3.4737,35.0957,209.04,-9.99,0.02,,,-9.99,,,,,
10180009,2003.723876,31.176,64.323,1189,1177.4298,,5.7275,3.4728,35.0953,209.47,-9.99,0.027,,,-9.99,,,,,
10180009,2003.723876,31.176,64.323,1191,1179.4047,,5.7135,3.4716,35.095,209.61,-9.99,0.03,,,-9.99,,,,,
10180009,2003.723876,31.176,64.323,1193,1181.3796,,5.6973,3.4702,35.0949,210.04,-9.99,0.023,,,-9.99,,,,,
10180009,2003.723876,31.176,64.323,1195,1183.3545,,5.6906,3.4696,35.0946,210.47,-9.99,0.028,,,-9.99,,,,,
10180009,2003.723876,31.176,64.323,1197,1185.3294,,5.6769,3.4684,35.0943,210.81,-9.99,0.03,,,-9.99,,,,,
10180009,2003.723876,31.176,64.323,1199,1187.3043,,5.6677,3.4677,35.0943,211.07,-9.99,0.026,,,-9.99,,,,,
10180009,2003.723876,31.176,64.323,1201,1189.2791,,5.6614,3.4672,35.0941,211.46,-9.99,0.021,,,-9.99,,,,,
10180009,2003.723876,31.176,64.323,1203,1191.2539,,5.6416,3.4653,35.0929,211.96,-9.99,0.026,,,-9.99,,,,,
10180009,2003.723876,31.176,64.323,1205,1193.2287,,5.6173,3.4631,35.0914,212.64,-9.99,0.027,,,-9.99,,,,,
10180009,2003.723876,31.176,64.323,1207,1195.2035,,5.605,3.462,35.0904,213.18,-9.99,0.025,,,-9.99,,,,,
10180009,2003.723876,31.176,64.323,1209,1197.1783,,5.5849,3.46,35.0886,213.77,-9.99,0.025,,,-9.99,,,,,
10180009,2003.723876,31.176,64.323,1211,1199.153,,5.568,3.4585,35.0871,214.28,-9.99,0.025,,,-9.99,,,,,
10180009,2003.723876,31.176,64.323,1213,1201.1277,,5.551,3.4569,35.0858,214.84,-9.99,0.026,,,-9.99,,,,,
10180009,2003.723876,31.176,64.323,1215,1203.1025,,5.5286,3.4547,35.0838,215.65,-9.99,0.036,,,-9.99,,,,,
10180010,2003.724966,31.8,64.746,,,,6,,,,5.9582,27.1931,5.7753,36.6978,210.34,-9.99,0.028,,,-9.99
10180010,2003.724966,31.8,64.746,,,,8,,,,7.9442,27.18,5.7739,36.6977,210.39,-9.99,0.029,,,-9.99
10180010,2003.724966,31.8,64.746,,,10,,,,9.9303,27.1715,5.773,36.6977,210.43,-9.99,0.028,,,-9.99,
10180010,2003.724966,31.8,64.746,,,12,,,11.9163,27.1597,5.7718,36.6976,210.5,-9.99,0.029,,,-9.99,,
10180010,2003.724966,31.8,64.746,,,14,,,13.9022,27.1525,5.7711,36.6978,210.57,-9.99,0.027,,,-9.99,,
10180010,2003.724966,31.8,64.746,,,16,,,15.8882,27.1471,5.7707,36.6985,210.55,-9.99,0.031,,,-9.99,,
10180010,2003.724966,31.8,64.746,,,18,,,17.8741,27.1361,5.7698,36.6999,210.74,-9.99,0.029,,,-9.99,,
10180010,2003.724966,31.8,64.746,,,20,,,19.86,27.1222,5.7686,36.7018,210.66,-9.99,0.037,,,-9.99,,
10180010,2003.724966,31.8,64.746,,,22,,,21.8459,27.1206,5.7686,36.702,210.75,-9.99,0.034,,,-9.99,,
10180010,2003.724966,31.8,64.746,,,24,,,23.8318,27.116,5.7682,36.7022,210.7,-9.99,0.036,,,-9.99,,
10180010,2003.724966,31.8,64.746,,,26,,,25.8177,27.0896,5.7653,36.7014,211.23,-9.99,0.037,,,-9.99,,
10180010,2003.724966,31.8,64.746,,,28,,,27.8035,27.0606,5.7621,36.7013,211.34,-9.99,0.043,,,-9.99,,
10180010,2003.724966,31.8,64.746,,,30,,,29.7893,27.0434,5.7604,36.7018,211.11,-9.99,0.043,,,-9.99,,
10180010,2003.724966,31.8,64.746,,,32,,,31.7751,27.0132,5.7571,36.7014,211.26,-9.99,0.041,,,-9.99,,
10180010,2003.724966,31.8,64.746,,,34,,,33.7609,26.9542,5.7498,36.6947,211.56,-9.99,0.044,,,-9.99,,
10180010,2003.724966,31.8,64.746,,,36,,,35.7467,26.8722,5.7387,36.6789,211.85,-9.99,0.042,,,-9.99,,
10180010,2003.724966,31.8,64.746,,,38,,,37.7324,26.7595,5.723,36.6544,212.07,-9.99,0.043,,,-9.99,,
10180010,2003.724966,31.8,64.746,,,40,,,39.7182,26.6812,5.7121,36.6369,212.19,-9.99,0.045,,,-9.99,,
10180010,2003.724966,31.8,64.746,,,42,,,41.7039,26.5164,5.6894,36.6025,212.41,-9.99,0.042,,,-9.99,,
10180010,2003.724966,31.8,64.746,,,44,,,43.6896,26.3559,5.6682,36.5752,212.85,-9.99,0.044,,,-9.99,,
10180010,2003.724966,31.8,64.746,,,46,,,45.6752,26.1507,5.6433,36.5563,213.61,-9.99,0.048,,,-9.99,,
10180010,2003.724966,31.8,64.746,,,48,,,47.6609,25.9568,5.6204,36.5428,213.55,-9.99,0.054,,,-9.99,,
10180010,2003.724966,31.8,64.746,,,50,,,49.6465,25.8449,5.6069,36.5322,213.36,-9.99,0.057,,,-9.99,,
10180010,2003.724966,31.8,64.746,,,52,,,51.6321,25.445,5.5592,36.501,213.33,-9.99,0.057,,,-9.99,,
10180010,2003.724966,31.8,64.746,,,54,,,53.6177,25.0333,5.5123,36.4833,213.86,-9.99,0.064,,,-9.99,,
10180010,2003.724966,31.8,64.746,,,56,,,55.6033,24.6075,5.4667,36.4857,214.61,-9.99,0.074,,,-9.99,,
10180010,2003.724966,31.8,64.746,,,58,,,57.5888,24.1731,5.4225,36.5058,214.42,-9.99,0.086,,,-9.99,,
10180010,2003.724966,31.8,64.746,,,60,,,59.5744,23.6223,5.3668,36.5328,214.96,-9.99,0.103,,,-9.99,,
10180010,2003.724966,31.8,64.746,,,62,,,61.5599,23.1894,5.3227,36.5509,216.13,-9.99,0.118,,,-9.99,,
10180010,2003.724966,31.8,64.746,,,64,,,63.5454,22.856,5.2886,36.5634,217.3,-9.99,0.132,,,-9.99,,
10180010,2003.724966,31.8,64.746,,,66,,,65.5308,22.4988,5.252,36.5758,219.56,-9.99,0.153,,,-9.99,,
10180010,2003.724966,31.8,64.746,,,68,,,67.5163,22.2672,5.2282,36.583,221.75,-9.99,0.168,,,-9.99,,
10180010,2003.724966,31.8,64.746,,,70,,,69.5017,21.9613,5.1969,36.5933,222.81,-9.99,0.183,,,-9.99,,
10180010,2003.724966,31.8,64.746,,,72,,,71.4871,21.7067,5.1713,36.6052,218.03,-9.99,0.19,,,-9.99,,
10180010,2003.724966,31.8,64.746,,,74,,,73.4725,21.5055,5.1504,36.6086,210.88,-9.99,0.249,,,-9.99,,
10180010,2003.724966,31.8,64.746,,,76,,,75.4579,21.342,5.1331,36.6085,208.24,-9.99,0.334,,,-9.99,,
10180010,2003.724966,31.8,64.746,,,78,,,77.4433,21.2737,5.126,36.6097,207.34,-9.99,0.367,,,-9.99,,
10180010,2003.724966,31.8,64.746,,,80,,,79.4286,21.1839,5.1168,36.6114,206.76,-9.99,0.37,,,-9.99,,
10180010,2003.724966,31.8,64.746,,,82,,,81.4139,21.1295,5.1112,36.6126,206.52,-9.99,0.354,,,-9.99,,
10180010,2003.724966,31.8,64.746,,,84,,,83.3992,21.0742,5.1056,36.6136,206.36,-9.99,0.343,,,-9.99,,
10180010,2003.724966,31.8,64.746,,,86,,,85.3845,21.0073,5.0987,36.6147,206.25,-9.99,0.328,,,-9.99,,
10180010,2003.724966,31.8,64.746,,,88,,,87.3698,20.9288,5.0906,36.6159,206.19,-9.99,0.317,,,-9.99,,
10180010,2003.724966,31.8,64.746,,,90,,,89.355,20.7995,5.0773,36.6186,205.91,-9.99,0.292,,,-9.99,,
10180010,2003.724966,31.8,64.746,,,92,,,91.3403,20.6862,5.0658,36.6224,205.37,-9.99,0.27,,,-9.99,,
10180010,2003.724966,31.8,64.746,,,94,,,93.3255,20.5535,5.0527,36.6297,204.89,-9.99,0.249,,,-9.99,,
10180010,2003.724966,31.8,64.746,,,96,,,95.3106,20.5252,5.0508,36.638,203.62,-9.99,0.226,,,-9.99,,
10180010,2003.724966,31.8,64.746,,,98,,,97.2958,20.4196,5.0403,36.643,202.99,-9.99,0.224,,,-9.99,,
10180010,2003.724966,31.8,64.746,,100,,,99.281,20.2877,5.0265,36.6435,202.64,-9.99,0.214,,,-9.99,,,
10180010,2003.724966,31.8,64.746,,102,,101.2661,20.218,5.0192,36.6436,202.34,-9.99,0.207,,,-9.99,,,,
10180010,2003.724966,31.8,64.746,,104,,103.2512,20.1373,5.0108,36.6437,202.72,-9.99,0.201,,,-9.99,,,,
10180010,2003.724966,31.8,64.746,,106,,105.2363,20.0287,4.9988,36.6383,203.65,-9.99,0.193,,,-9.99,,,,
10180010,2003.724966,31.8,64.746,,108,,107.2214,19.9378,4.989,36.6364,203.85,-9.99,0.177,,,-9.99,,,,
10180010,2003.724966,31.8,64.746,,110,,109.2064,19.8192,4.9763,36.6339,203.99,-9.99,0.159,,,-9.99,,,,
10180010,2003.724966,31.8,64.746,,112,,111.1914,19.703,4.9641,36.6339,203.75,-9.99,0.139,,,-9.99,,,,
10180010,2003.724966,31.8,64.746,,114,,113.1765,19.6691,4.9606,36.6336,203.71,-9.99,0.134,,,-9.99,,,,
10180010,2003.724966,31.8,64.746,,116,,115.1614,19.6303,4.9566,36.6337,203.69,-9.99,0.126,,,-9.99,,,,
10180010,2003.724966,31.8,64.746,,118,,117.1464,19.5988,4.9533,36.6336,203.67,-9.99,0.12,,,-9.99,,,,
10180010,2003.724966,31.8,64.746,,120,,119.1314,19.5468,4.9479,36.6331,203.54,-9.99,0.111,,,-9.99,,,,
10180010,2003.724966,31.8,64.746,,122,,121.1163,19.5395,4.9473,36.6334,203.5,-9.99,0.112,,,-9.99,,,,
10180010,2003.724966,31.8,64.746,,124,,123.1012,19.4887,4.9418,36.6322,203.53,-9.99,0.101,,,-9.99,,,,
10180010,2003.724966,31.8,64.746,,126,,125.0861,19.4565,4.9385,36.6315,203.66,-9.99,0.093,,,-9.99,,,,
10180010,2003.724966,31.8,64.746,,128,,127.071,19.4112,4.9336,36.6298,203.67,-9.99,0.085,,,-9.99,,,,
10180010,2003.724966,31.8,64.746,,130,,129.0559,19.3853,4.9308,36.6287,203.94,-9.99,0.086,,,-9.99,,,,
10180010,2003.724966,31.8,64.746,,132,,131.0407,19.3614,4.9282,36.6274,204,-9.99,0.091,,,-9.99,,,,
10180010,2003.724966,31.8,64.746,,134,,133.0255,19.3489,4.9269,36.6268,204.03,-9.99,0.094,,,-9.99,,,,
10180010,2003.724966,31.8,64.746,,136,,135.0103,19.3384,4.9259,36.6264,204.04,-9.99,0.097,,,-9.99,,,,
10180010,2003.724966,31.8,64.746,,138,,136.9951,19.323,4.9243,36.6258,204.13,-9.99,0.096,,,-9.99,,,,
10180010,2003.724966,31.8,64.746,,140,,138.9799,19.3152,4.9235,36.6255,204.18,-9.99,0.095,,,-9.99,,,,
10180010,2003.724966,31.8,64.746,,142,,140.9646,19.3038,4.9223,36.6249,204.18,-9.99,0.09,,,-9.99,,,,
10180010,2003.724966,31.8,64.746,,144,,142.9493,19.2867,4.9205,36.6242,204.11,-9.99,0.081,,,-9.99,,,,
10180010,2003.724966,31.8,64.746,,146,,144.934,19.2756,4.9194,36.6239,204,-9.99,0.083,,,-9.99,,,,
10180010,2003.724966,31.8,64.746,,148,,146.9187,19.2651,4.9183,36.6234,203.97,-9.99,0.076,,,-9.99,,,,
10180010,2003.724966,31.8,64.746,,150,,148.9034,19.2559,4.9174,36.6231,204,-9.99,0.074,,,-9.99,,,,
10180010,2003.724966,31.8,64.746,,152,,150.888,19.254,4.9173,36.6231,204.05,-9.99,0.074,,,-9.99,,,,
10180010,2003.724966,31.8,64.746,,154,,152.8727,19.2517,4.9171,36.6228,204.12,-9.99,0.075,,,-9.99,,,,
10180010,2003.724966,31.8,64.746,,156,,154.8573,19.2357,4.9154,36.6215,204.21,-9.99,0.072,,,-9.99,,,,
10180010,2003.724966,31.8,64.746,,158,,156.8419,19.2193,4.9136,36.6203,204.29,-9.99,0.068,,,-9.99,,,,
10180010,2003.724966,31.8,64.746,,160,,158.8264,19.1982,4.9113,36.6191,204.2,-9.99,0.068,,,-9.99,,,,
10180010,2003.724966,31.8,64.746,,162,,160.811,19.18,4.9094,36.6185,204,-9.99,0.065,,,-9.99,,,,
10180010,2003.724966,31.8,64.746,,164,,162.7955,19.1652,4.9079,36.618,204.17,-9.99,0.061,,,-9.99,,,,
10180010,2003.724966,31.8,64.746,,166,,164.78,19.1531,4.9066,36.617,204.35,-9.99,0.057,,,-9.99,,,,
10180010,2003.724966,31.8,64.746,,168,,166.7645,19.1392,4.9052,36.6163,204.27,-9.99,0.061,,,-9.99,,,,
10180010,2003.724966,31.8,64.746,,170,,168.749,19.1223,4.9034,36.616,203.94,-9.99,0.057,,,-9.99,,,,
10180010,2003.724966,31.8,64.746,,172,,170.7335,19.1087,4.9021,36.6157,203.73,-9.99,0.051,,,-9.99,,,,
10180010,2003.724966,31.8,64.746,,174,,172.7179,19.1018,4.9014,36.6153,203.74,-9.99,0.046,,,-9.99,,,,
10180010,2003.724966,31.8,64.746,,176,,174.7023,19.0961,4.9008,36.6149,203.76,-9.99,0.042,,,-9.99,,,,
10180010,2003.724966,31.8,64.746,,178,,176.6867,19.085,4.8996,36.6139,203.73,-9.99,0.045,,,-9.99,,,,
10180010,2003.724966,31.8,64.746,,180,,178.6711,19.0652,4.8975,36.6126,203.81,-9.99,0.053,,,-9.99,,,,
10180010,2003.724966,31.8,64.746,,182,,180.6555,19.0384,4.8945,36.6108,204.15,-9.99,0.047,,,-9.99,,,,
10180010,2003.724966,31.8,64.746,,184,,182.6398,19.02,4.8925,36.6092,204.4,-9.99,0.038,,,-9.99,,,,
10180010,2003.724966,31.8,64.746,,186,,184.6241,19.0029,4.8906,36.6078,204.59,-9.99,0.035,,,-9.99,,,,
10180010,2003.724966,31.8,64.746,,188,,186.6084,18.9884,4.8891,36.6069,204.79,-9.99,0.033,,,-9.99,,,,
10180010,2003.724966,31.8,64.746,,190,,188.5927,18.9738,4.8875,36.606,204.94,-9.99,0.031,,,-9.99,,,,
10180010,2003.724966,31.8,64.746,,192,,190.577,18.9601,4.8861,36.6049,205.04,-9.99,0.031,,,-9.99,,,,
10180010,2003.724966,31.8,64.746,,194,,192.5612,18.9429,4.8843,36.6044,204.94,-9.99,0.034,,,-9.99,,,,
10180010,2003.724966,31.8,64.746,,196,,194.5454,18.9313,4.8832,36.605,204.59,-9.99,0.033,,,-9.99,,,,
10180010,2003.724966,31.8,64.746,,198,,196.5297,18.9252,4.8827,36.6047,204.53,-9.99,0.033,,,-9.99,,,,
10180010,2003.724966,31.8,64.746,,200,,198.5138,18.915,4.8816,36.6043,204.59,-9.99,0.028,,,-9.99,,,,
10180010,2003.724966,31.8,64.746,,202,,200.498,18.9037,4.8804,36.6034,204.73,-9.99,0.03,,,-9.99,,,,
10180010,2003.724966,31.8,64.746,,204,,202.4822,18.895,4.8795,36.6028,204.83,-9.99,0.03,,,-9.99,,,,
10180010,2003.724966,31.8,64.746,,206,,204.4663,18.8841,4.8784,36.6021,205.03,-9.99,0.033,,,-9.99,,,,
10180010,2003.724966,31.8,64.746,,208,,206.4504,18.8745,4.8774,36.6014,205.17,-9.99,0.036,,,-9.99,,,,
10180010,2003.724966,31.8,64.746,,210,,208.4345,18.8635,4.8762,36.6007,205.22,-9.99,0.034,,,-9.99,,,,
10180010,2003.724966,31.8,64.746,,212,,210.4186,18.8586,4.8758,36.6005,205.22,-9.99,0.037,,,-9.99,,,,
10180010,2003.724966,31.8,64.746,,214,,212.4026,18.8437,4.8742,36.5998,205.21,-9.99,0.031,,,-9.99,,,,
10180010,2003.724966,31.8,64.746,,216,,214.3867,18.8293,4.8727,36.599,205.32,-9.99,0.025,,,-9.99,,,,
10180010,2003.724966,31.8,64.746,,218,,216.3707,18.8219,4.872,36.5985,205.57,-9.99,0.027,,,-9.99,,,,
10180010,2003.724966,31.8,64.746,,220,,218.3547,18.8178,4.8716,36.5984,205.53,-9.99,0.027,,,-9.99,,,,
10180010,2003.724966,31.8,64.746,,222,,220.3386,18.8146,4.8714,36.5983,205.42,-9.99,0.028,,,-9.99,,,,
10180010,2003.724966,31.8,64.746,,224,,222.3226,18.8129,4.8713,36.598,205.4,-9.99,0.03,,,-9.99,,,,
10180010,2003.724966,31.8,64.746,,226,,224.3065,18.806,4.8706,36.5976,205.31,-9.99,0.028,,,-9.99,,,,
10180010,2003.724966,31.8,64.746,,228,,226.2905,18.7989,4.8699,36.5973,205.59,-9.99,0.027,,,-9.99,,,,
10180010,2003.724966,31.8,64.746,,230,,228.2744,18.7962,4.8697,36.5972,205.8,-9.99,0.03,,,-9.99,,,,
10180010,2003.724966,31.8,64.746,,232,,230.2582,18.7962,4.8698,36.5971,205.72,-9.99,0.031,,,-9.99,,,,
10180010,2003.724966,31.8,64.746,,234,,232.2421,18.7937,4.8696,36.597,205.71,-9.99,0.031,,,-9.99,,,,
10180010,2003.724966,31.8,64.746,,236,,234.2259,18.7899,4.8692,36.5968,205.77,-9.99,0.03,,,-9.99,,,,
10180010,2003.724966,31.8,64.746,,238,,236.2098,18.7852,4.8688,36.5965,205.73,-9.99,0.027,,,-9.99,,,,
10180010,2003.724966,31.8,64.746,,240,,238.1936,18.782,4.8685,36.5964,205.62,-9.99,0.028,,,-9.99,,,,
10180010,2003.724966,31.8,64.746,,242,,240.1774,18.7733,4.8676,36.5955,205.64,-9.99,0.024,,,-9.99,,,,
10180010,2003.724966,31.8,64.746,,244,,242.1611,18.7623,4.8665,36.5951,205.68,-9.99,0.028,,,-9.99,,,,
10180010,2003.724966,31.8,64.746,,246,,244.1449,18.7489,4.8651,36.5943,205.82,-9.99,0.026,,,-9.99,,,,
10180010,2003.724966,31.8,64.746,,248,,246.1286,18.7406,4.8643,36.5939,205.88,-9.99,0.027,,,-9.99,,,,
10180010,2003.724966,31.8,64.746,,250,,248.1123,18.7329,4.8635,36.5935,205.99,-9.99,0.027,,,-9.99,,,,
10180010,2003.724966,31.8,64.746,,252,,250.096,18.7184,4.862,36.5926,206.17,-9.99,0.027,,,-9.99,,,,
10180010,2003.724966,31.8,64.746,,254,,252.0797,18.7109,4.8612,36.5922,206.1,-9.99,0.027,,,-9.99,,,,
10180010,2003.724966,31.8,64.746,,256,,254.0633,18.7071,4.8609,36.592,205.98,-9.99,0.027,,,-9.99,,,,
10180010,2003.724966,31.8,64.746,,258,,256.0469,18.6994,4.8601,36.5915,205.8,-9.99,0.027,,,-9.99,,,,
10180010,2003.724966,31.8,64.746,,260,,258.0306,18.6919,4.8593,36.5909,205.56,-9.99,0.029,,,-9.99,,,,
10180010,2003.724966,31.8,64.746,,262,,260.0142,18.683,4.8584,36.5901,205.4,-9.99,0.028,,,-9.99,,,,
10180010,2003.724966,31.8,64.746,,264,,261.9977,18.6733,4.8574,36.5893,205.3,-9.99,0.026,,,-9.99,,,,
10180010,2003.724966,31.8,64.746,,266,,263.9813,18.664,4.8564,36.5886,205.25,-9.99,0.019,,,-9.99,,,,
10180010,2003.724966,31.8,64.746,,268,,265.9648,18.6594,4.856,36.5881,205.15,-9.99,0.024,,,-9.99,,,,
10180010,2003.724966,31.8,64.746,,270,,267.9483,18.6542,4.8555,36.5876,205.01,-9.99,0.028,,,-9.99,,,,
10180010,2003.724966,31.8,64.746,,272,,269.9318,18.6433,4.8543,36.5865,204.93,-9.99,0.027,,,-9.99,,,,
10180010,2003.724966,31.8,64.746,,274,,271.9153,18.6369,4.8536,36.5858,204.9,-9.99,0.027,,,-9.99,,,,
10180010,2003.724966,31.8,64.746,,276,,273.8988,18.6246,4.8523,36.5844,204.85,-9.99,0.026,,,-9.99,,,,
10180010,2003.724966,31.8,64.746,,278,,275.8822,18.6127,4.8509,36.583,204.76,-9.99,0.026,,,-9.99,,,,
10180010,2003.724966,31.8,64.746,,280,,277.8656,18.6046,4.8501,36.5825,204.82,-9.99,0.033,,,-9.99,,,,
10180010,2003.724966,31.8,64.746,,282,,279.849,18.5965,4.8492,36.5815,204.72,-9.99,0.031,,,-9.99,,,,
10180010,2003.724966,31.8,64.746,,284,,281.8324,18.5918,4.8488,36.5812,204.48,-9.99,0.036,,,-9.99,,,,
10180010,2003.724966,31.8,64.746,,286,,283.8158,18.5888,4.8485,36.5808,204.43,-9.99,0.027,,,-9.99,,,,
10180010,2003.724966,31.8,64.746,,288,,285.7991,18.5863,4.8483,36.5807,204.28,-9.99,0.031,,,-9.99,,,,
10180010,2003.724966,31.8,64.746,,290,,287.7825,18.5798,4.8477,36.58,204.24,-9.99,0.034,,,-9.99,,,,
10180010,2003.724966,31.8,64.746,,292,,289.7658,18.5784,4.8476,36.5798,204.6,-9.99,0.02,,,-9.99,,,,
10180010,2003.724966,31.8,64.746,,294,,291.749,18.5728,4.847,36.5789,204.42,-9.99,0.025,,,-9.99,,,,
10180010,2003.724966,31.8,64.746,,296,,293.7323,18.552,4.8446,36.5764,203.2,-9.99,0.031,,,-9.99,,,,
10180010,2003.724966,31.8,64.746,,298,,295.7156,18.5426,4.8437,36.5763,202.74,-9.99,0.025,,,-9.99,,,,
10180010,2003.724966,31.8,64.746,,300,,297.6988,18.5383,4.8433,36.5761,202.56,-9.99,0.021,,,-9.99,,,,
10180010,2003.724966,31.8,64.746,,302,,299.682,18.5332,4.8428,36.5755,202.57,-9.99,0.02,,,-9.99,,,,
10180010,2003.724966,31.8,64.746,,304,,301.6652,18.5214,4.8415,36.574,202.8,-9.99,0.02,,,-9.99,,,,
10180010,2003.724966,31.8,64.746,,306,,303.6484,18.5054,4.8397,36.5727,202.6,-9.99,0.021,,,-9.99,,,,
10180010,2003.724966,31.8,64.746,,308,,305.6315,18.4933,4.8384,36.5715,202.5,-9.99,0.023,,,-9.99,,,,
10180010,2003.724966,31.8,64.746,,310,,307.6147,18.4846,4.8375,36.5706,202.36,-9.99,0.023,,,-9.99,,,,
10180010,2003.724966,31.8,64.746,,312,,309.5978,18.4777,4.8368,36.5699,202.21,-9.99,0.024,,,-9.99,,,,
10180010,2003.724966,31.8,64.746,,314,,311.5809,18.4717,4.8362,36.5691,201.85,-9.99,0.022,,,-9.99,,,,
10180010,2003.724966,31.8,64.746,,316,,313.564,18.469,4.8359,36.5687,201.77,-9.99,0.027,,,-9.99,,,,
10180010,2003.724966,31.8,64.746,,318,,315.547,18.4592,4.8348,36.5675,201.59,-9.99,0.027,,,-9.99,,,,
10180010,2003.724966,31.8,64.746,,320,,317.53,18.4468,4.8334,36.5659,201.4,-9.99,0.026,,,-9.99,,,,
10180010,2003.724966,31.8,64.746,,322,,319.5131,18.4296,4.8315,36.5636,201.16,-9.99,0.022,,,-9.99,,,,
10180010,2003.724966,31.8,64.746,,324,,321.4961,18.4137,4.8297,36.5616,200.9,-9.99,0.018,,,-9.99,,,,
10180010,2003.724966,31.8,64.746,,326,,323.4791,18.3963,4.8277,36.5597,200.58,-9.99,0.026,,,-9.99,,,,
10180010,2003.724966,31.8,64.746,,328,,325.462,18.3807,4.8259,36.5577,200.27,-9.99,0.033,,,-9.99,,,,
10180010,2003.724966,31.8,64.746,,330,,327.445,18.3688,4.8246,36.5563,199.58,-9.99,0.027,,,-9.99,,,,
10180010,2003.724966,31.8,64.746,,332,,329.4279,18.3436,4.8217,36.5533,198.47,-9.99,0.026,,,-9.99,,,,
10180010,2003.724966,31.8,64.746,,334,,331.4108,18.3064,4.8174,36.5489,197.57,-9.99,0.024,,,-9.99,,,,
10180010,2003.724966,31.8,64.746,,336,,333.3937,18.284,4.8149,36.5463,197.2,-9.99,0.017,,,-9.99,,,,
10180010,2003.724966,31.8,64.746,,338,,335.3765,18.267,4.813,36.5444,196.45,-9.99,0.021,,,-9.99,,,,
10180010,2003.724966,31.8,64.746,,340,,337.3594,18.2508,4.8111,36.5424,195.95,-9.99,0.025,,,-9.99,,,,
10180010,2003.724966,31.8,64.746,,342,,339.3422,18.2324,4.809,36.54,195.58,-9.99,0.027,,,-9.99,,,,
10180010,2003.724966,31.8,64.746,,344,,341.325,18.2178,4.8073,36.538,195.31,-9.99,0.028,,,-9.99,,,,
10180010,2003.724966,31.8,64.746,,346,,343.3078,18.2046,4.8059,36.5364,194.93,-9.99,0.024,,,-9.99,,,,
10180010,2003.724966,31.8,64.746,,348,,345.2906,18.1902,4.8042,36.5343,194.46,-9.99,0.026,,,-9.99,,,,
10180010,2003.724966,31.8,64.746,,350,,347.2733,18.1774,4.8028,36.5327,194.3,-9.99,0.024,,,-9.99,,,,
10180010,2003.724966,31.8,64.746,,352,,349.2561,18.1701,4.8019,36.5308,193.56,-9.99,0.021,,,-9.99,,,,
10180010,2003.724966,31.8,64.746,,354,,351.2388,18.125,4.7965,36.5239,192.61,-9.99,0.026,,,-9.99,,,,
10180010,2003.724966,31.8,64.746,,356,,353.2215,18.1011,4.7938,36.5216,192.03,-9.99,0.028,,,-9.99,,,,
10180010,2003.724966,31.8,64.746,,358,,355.2042,18.0958,4.7933,36.5211,191.84,-9.99,0.024,,,-9.99,,,,
10180010,2003.724966,31.8,64.746,,360,,357.1868,18.0934,4.7931,36.5208,191.61,-9.99,0.021,,,-9.99,,,,
10180010,2003.724966,31.8,64.746,,362,,359.1695,18.0884,4.7926,36.52,191.42,-9.99,0.018,,,-9.99,,,,
10180010,2003.724966,31.8,64.746,,364,,361.1521,18.079,4.7915,36.5185,191.25,-9.99,0.025,,,-9.99,,,,
10180010,2003.724966,31.8,64.746,,366,,363.1347,18.0659,4.79,36.5165,191.05,-9.99,0.027,,,-9.99,,,,
10180010,2003.724966,31.8,64.746,,368,,365.1173,18.0528,4.7885,36.5145,190.84,-9.99,0.026,,,-9.99,,,,
10180010,2003.724966,31.8,64.746,,370,,367.0998,18.0452,4.7876,36.5134,190.72,-9.99,0.024,,,-9.99,,,,
10180010,2003.724966,31.8,64.746,,372,,369.0824,18.0366,4.7867,36.5121,190.55,-9.99,0.023,,,-9.99,,,,
10180010,2003.724966,31.8,64.746,,374,,371.0649,18.0235,4.7852,36.5101,190.41,-9.99,0.023,,,-9.99,,,,
10180010,2003.724966,31.8,64.746,,376,,373.0474,18.0104,4.7837,36.5081,190.26,-9.99,0.019,,,-9.99,,,,
10180010,2003.724966,31.8,64.746,,378,,375.0299,17.9971,4.7822,36.5063,190.06,-9.99,0.018,,,-9.99,,,,
10180010,2003.724966,31.8,64.746,,380,,377.0123,17.9893,4.7813,36.5051,189.88,-9.99,0.019,,,-9.99,,,,
10180010,2003.724966,31.8,64.746,,382,,378.9948,17.9765,4.7798,36.5032,189.78,-9.99,0.025,,,-9.99,,,,
10180010,2003.724966,31.8,64.746,,384,,380.9772,17.9643,4.7785,36.5014,189.65,-9.99,0.028,,,-9.99,,,,
10180010,2003.724966,31.8,64.746,,386,,382.9596,17.9492,4.7767,36.4993,189.47,-9.99,0.027,,,-9.99,,,,
10180010,2003.724966,31.8,64.746,,388,,384.942,17.9366,4.7753,36.4975,189.15,-9.99,0.024,,,-9.99,,,,
10180010,2003.724966,31.8,64.746,,390,,386.9244,17.9235,4.7738,36.4953,188.87,-9.99,0.023,,,-9.99,,,,
10180010,2003.724966,31.8,64.746,,392,,388.9067,17.9119,4.7724,36.4935,188.64,-9.99,0.023,,,-9.99,,,,
10180010,2003.724966,31.8,64.746,,394,,390.8891,17.8975,4.7708,36.4914,188.35,-9.99,0.025,,,-9.99,,,,
10180010,2003.724966,31.8,64.746,,396,,392.8714,17.8775,4.7684,36.4881,188.09,-9.99,0.025,,,-9.99,,,,
10180010,2003.724966,31.8,64.746,,398,,394.8537,17.8671,4.7672,36.4865,187.9,-9.99,0.027,,,-9.99,,,,
10180010,2003.724966,31.8,64.746,,400,,396.836,17.8339,4.7634,36.482,187.78,-9.99,0.02,,,-9.99,,,,
10180010,2003.724966,31.8,64.746,,402,,398.8182,17.8037,4.76,36.4791,188.32,-9.99,0.022,,,-9.99,,,,
10180010,2003.724966,31.8,64.746,,404,,400.8005,17.7779,4.7571,36.4767,188.87,-9.99,0.025,,,-9.99,,,,
10180010,2003.724966,31.8,64.746,,406,,402.7827,17.7583,4.7549,36.4749,189.12,-9.99,0.022,,,-9.99,,,,
10180010,2003.724966,31.8,64.746,,408,,404.7649,17.7439,4.7533,36.4725,189.13,-9.99,0.016,,,-9.99,,,,
10180010,2003.724966,31.8,64.746,,410,,406.7471,17.7253,4.7511,36.4698,189.04,-9.99,0.013,,,-9.99,,,,
10180010,2003.724966,31.8,64.746,,412,,408.7292,17.7025,4.7485,36.467,189.02,-9.99,0.013,,,-9.99,,,,
10180010,2003.724966,31.8,64.746,,414,,410.7114,17.6833,4.7462,36.4632,189.23,-9.99,0.015,,,-9.99,,,,
10180010,2003.724966,31.8,64.746,,416,,412.6935,17.6391,4.7409,36.4567,189.22,-9.99,0.022,,,-9.99,,,,
10180010,2003.724966,31.8,64.746,,418,,414.6756,17.6298,4.7401,36.4569,189.11,-9.99,0.024,,,-9.99,,,,
10180010,2003.724966,31.8,64.746,,420,,416.6577,17.6173,4.7387,36.4552,188.96,-9.99,0.028,,,-9.99,,,,
10180010,2003.724966,31.8,64.746,,422,,418.6397,17.6058,4.7374,36.4535,188.89,-9.99,0.029,,,-9.99,,,,
10180010,2003.724966,31.8,64.746,,424,,420.6218,17.595,4.7362,36.4519,188.81,-9.99,0.023,,,-9.99,,,,
10180010,2003.724966,31.8,64.746,,426,,422.6038,17.5706,4.7333,36.448,188.77,-9.99,0.032,,,-9.99,,,,
10180010,2003.724966,31.8,64.746,,428,,424.5858,17.5585,4.7319,36.4464,188.7,-9.99,0.03,,,-9.99,,,,
10180010,2003.724966,31.8,64.746,,430,,426.5678,17.5221,4.7275,36.4397,188.61,-9.99,0.025,,,-9.99,,,,
10180010,2003.724966,31.8,64.746,,432,,428.5498,17.488,4.7236,36.4363,188.5,-9.99,0.027,,,-9.99,,,,
10180010,2003.724966,31.8,64.746,,434,,430.5317,17.4769,4.7223,36.434,188.69,-9.99,0.023,,,-9.99,,,,
10180010,2003.724966,31.8,64.746,,436,,432.5137,17.4502,4.7191,36.4296,188.94,-9.99,0.022,,,-9.99,,,,
10180010,2003.724966,31.8,64.746,,438,,434.4956,17.4298,4.7169,36.4275,189.09,-9.99,0.018,,,-9.99,,,,
10180010,2003.724966,31.8,64.746,,440,,436.4775,17.416,4.7153,36.426,189.23,-9.99,0.023,,,-9.99,,,,
10180010,2003.724966,31.8,64.746,,442,,438.4594,17.4091,4.7147,36.4256,189.17,-9.99,0.022,,,-9.99,,,,
10180010,2003.724966,31.8,64.746,,444,,440.4412,17.4063,4.7144,36.4253,189.05,-9.99,0.019,,,-9.99,,,,
10180010,2003.724966,31.8,64.746,,446,,442.4231,17.3959,4.7133,36.4236,189.06,-9.99,0.019,,,-9.99,,,,
10180010,2003.724966,31.8,64.746,,448,,444.4049,17.3889,4.7125,36.4228,189.09,-9.99,0.025,,,-9.99,,,,
10180010,2003.724966,31.8,64.746,,450,,446.3867,17.3815,4.7117,36.4213,189.03,-9.99,0.032,,,-9.99,,,,
10180010,2003.724966,31.8,64.746,,452,,448.3685,17.3478,4.7076,36.4157,189.06,-9.99,0.03,,,-9.99,,,,
10180010,2003.724966,31.8,64.746,,454,,450.3502,17.3127,4.7035,36.4102,189.1,-9.99,0.026,,,-9.99,,,,
10180010,2003.724966,31.8,64.746,,456,,452.332,17.2816,4.6999,36.406,189.16,-9.99,0.022,,,-9.99,,,,
10180010,2003.724966,31.8,64.746,,458,,454.3137,17.2757,4.6992,36.4046,189.15,-9.99,0.023,,,-9.99,,,,
10180010,2003.724966,31.8,64.746,,460,,456.2954,17.252,4.6963,36.4002,189.29,-9.99,0.02,,,-9.99,,,,
10180010,2003.724966,31.8,64.746,,462,,458.2771,17.2354,4.6945,36.3984,189.38,-9.99,0.026,,,-9.99,,,,
10180010,2003.724966,31.8,64.746,,464,,460.2588,17.217,4.6923,36.3955,189.35,-9.99,0.03,,,-9.99,,,,
10180010,2003.724966,31.8,64.746,,466,,462.2404,17.2041,4.6909,36.3939,189.33,-9.99,0.028,,,-9.99,,,,
10180010,2003.724966,31.8,64.746,,468,,464.222,17.1957,4.69,36.3928,189.33,-9.99,0.018,,,-9.99,,,,
10180010,2003.724966,31.8,64.746,,470,,466.2036,17.1851,4.6887,36.3905,189.27,-9.99,0.015,,,-9.99,,,,
10180010,2003.724966,31.8,64.746,,472,,468.1852,17.1535,4.685,36.3854,189.3,-9.99,0.021,,,-9.99,,,,
10180010,2003.724966,31.8,64.746,,474,,470.1668,17.1384,4.6833,36.3834,189.39,-9.99,0.026,,,-9.99,,,,
10180010,2003.724966,31.8,64.746,,476,,472.1484,17.1309,4.6825,36.3823,189.41,-9.99,0.017,,,-9.99,,,,
10180010,2003.724966,31.8,64.746,,478,,474.1299,17.1236,4.6817,36.3812,189.28,-9.99,0.013,,,-9.99,,,,
10180010,2003.724966,31.8,64.746,,480,,476.1114,17.1188,4.6812,36.3805,189.07,-9.99,0.01,,,-9.99,,,,
10180010,2003.724966,31.8,64.746,,482,,478.0929,17.0973,4.6784,36.3743,188.98,-9.99,0.019,,,-9.99,,,,
10180010,2003.724966,31.8,64.746,,484,,480.0744,17.0313,4.6706,36.3652,189.11,-9.99,0.021,,,-9.99,,,,
10180010,2003.724966,31.8,64.746,,486,,482.0558,17.0288,4.6705,36.3661,188.81,-9.99,0.015,,,-9.99,,,,
10180010,2003.724966,31.8,64.746,,488,,484.0373,17.017,4.6691,36.3632,188.62,-9.99,0.021,,,-9.99,,,,
10180010,2003.724966,31.8,64.746,,490,,486.0187,17.0082,4.668,36.3611,188.61,-9.99,0.021,,,-9.99,,,,
10180010,2003.724966,31.8,64.746,,492,,488.0001,16.9967,4.6667,36.3592,188.45,-9.99,0.024,,,-9.99,,,,
10180010,2003.724966,31.8,64.746,,494,,489.9815,16.9865,4.6655,36.3573,188.33,-9.99,0.021,,,-9.99,,,,
10180010,2003.724966,31.8,64.746,,496,,491.9628,16.9583,4.6621,36.352,188.24,-9.99,0.022,,,-9.99,,,,
10180010,2003.724966,31.8,64.746,,498,,493.9442,16.9142,4.6568,36.3447,188.25,-9.99,0.024,,,-9.99,,,,
10180010,2003.724966,31.8,64.746,,500,,495.9255,16.9121,4.6567,36.3446,188.12,-9.99,0.017,,,-9.99,,,,
10180010,2003.724966,31.8,64.746,,502,,497.9068,16.899,4.6552,36.3422,188.01,-9.99,0.016,,,-9.99,,,,
10180010,2003.724966,31.8,64.746,,504,,499.8881,16.877,4.6526,36.3385,187.94,-9.99,0.019,,,-9.99,,,,
10180010,2003.724966,31.8,64.746,,506,,501.8694,16.8526,4.6497,36.3349,188.03,-9.99,0.022,,,-9.99,,,,
10180010,2003.724966,31.8,64.746,,508,,503.8506,16.8475,4.6492,36.3342,188,-9.99,0.032,,,-9.99,,,,
10180010,2003.724966,31.8,64.746,,510,,505.8318,16.8423,4.6487,36.3335,187.86,-9.99,0.028,,,-9.99,,,,
10180010,2003.724966,31.8,64.746,,512,,507.8131,16.8376,4.6482,36.3325,187.69,-9.99,0.023,,,-9.99,,,,
10180010,2003.724966,31.8,64.746,,514,,509.7942,16.8299,4.6473,36.331,187.31,-9.99,0.027,,,-9.99,,,,
10180010,2003.724966,31.8,64.746,,516,,511.7754,16.8055,4.6444,36.3265,186.83,-9.99,0.022,,,-9.99,,,,
10180010,2003.724966,31.8,64.746,,518,,513.7566,16.7681,4.6396,36.318,186.64,-9.99,0.02,,,-9.99,,,,
10180010,2003.724966,31.8,64.746,,520,,515.7377,16.7113,4.6327,36.3078,186.45,-9.99,0.025,,,-9.99,,,,
10180010,2003.724966,31.8,64.746,,522,,517.7188,16.6879,4.63,36.3042,186.31,-9.99,0.026,,,-9.99,,,,
10180010,2003.724966,31.8,64.746,,524,,519.6999,16.6488,4.6254,36.2981,186.11,-9.99,0.025,,,-9.99,,,,
10180010,2003.724966,31.8,64.746,,526,,521.681,16.6239,4.6224,36.2932,185.94,-9.99,0.031,,,-9.99,,,,
10180010,2003.724966,31.8,64.746,,528,,523.6621,16.6102,4.6208,36.2912,185.65,-9.99,0.028,,,-9.99,,,,
10180010,2003.724966,31.8,64.746,,530,,525.6431,16.5926,4.6187,36.2874,185.21,-9.99,0.035,,,-9.99,,,,
10180010,2003.724966,31.8,64.746,,532,,527.6241,16.5527,4.6139,36.28,184.12,-9.99,0.03,,,-9.99,,,,
10180010,2003.724966,31.8,64.746,,534,,529.6051,16.5158,4.6094,36.2732,183.13,-9.99,0.022,,,-9.99,,,,
10180010,2003.724966,31.8,64.746,,536,,531.5861,16.4615,4.6024,36.2599,182.18,-9.99,0.014,,,-9.99,,,,
10180010,2003.724966,31.8,64.746,,538,,533.5671,16.3826,4.5931,36.2481,182.24,-9.99,0.016,,,-9.99,,,,
10180010,2003.724966,31.8,64.746,,540,,535.548,16.3449,4.5887,36.2424,181.99,-9.99,0.022,,,-9.99,,,,
10180010,2003.724966,31.8,64.746,,542,,537.5289,16.3207,4.5859,36.2391,181.74,-9.99,0.019,,,-9.99,,,,
10180010,2003.724966,31.8,64.746,,544,,539.5099,16.3123,4.585,36.2373,181.57,-9.99,0.024,,,-9.99,,,,
10180010,2003.724966,31.8,64.746,,546,,541.4907,16.2978,4.5833,36.2351,181.2,-9.99,0.027,,,-9.99,,,,
10180010,2003.724966,31.8,64.746,,548,,543.4716,16.284,4.5817,36.2321,181.03,-9.99,0.028,,,-9.99,,,,
10180010,2003.724966,31.8,64.746,,550,,545.4525,16.2506,4.5775,36.2248,181.13,-9.99,0.02,,,-9.99,,,,
10180010,2003.724966,31.8,64.746,,552,,547.4333,16.2249,4.5746,36.2213,180.91,-9.99,0.017,,,-9.99,,,,
10180010,2003.724966,31.8,64.746,,554,,549.4141,16.1976,4.5715,36.2177,180.47,-9.99,0.021,,,-9.99,,,,
10180010,2003.724966,31.8,64.746,,556,,551.3949,16.1907,4.5707,36.2162,180.27,-9.99,0.021,,,-9.99,,,,
10180010,2003.724966,31.8,64.746,,558,,553.3757,16.1815,4.5696,36.2144,180.07,-9.99,0.023,,,-9.99,,,,
10180010,2003.724966,31.8,64.746,,560,,555.3564,16.1494,4.5655,36.2062,179.96,-9.99,0.024,,,-9.99,,,,
10180010,2003.724966,31.8,64.746,,562,,557.3372,16.0936,4.5589,36.1968,179.94,-9.99,0.017,,,-9.99,,,,
10180010,2003.724966,31.8,64.746,,564,,559.3179,16.0398,4.5525,36.1882,180.02,-9.99,0.014,,,-9.99,,,,
10180010,2003.724966,31.8,64.746,,566,,561.2986,15.9758,4.5448,36.1771,180.19,-9.99,0.024,,,-9.99,,,,
10180010,2003.724966,31.8,64.746,,568,,563.2793,15.944,4.5412,36.1726,180.29,-9.99,0.024,,,-9.99,,,,
10180010,2003.724966,31.8,64.746,,570,,565.2599,15.9236,4.5389,36.1697,180.37,-9.99,0.021,,,-9.99,,,,
10180010,2003.724966,31.8,64.746,,572,,567.2406,15.9132,4.5377,36.1679,180.37,-9.99,0.017,,,-9.99,,,,
10180010,2003.724966,31.8,64.746,,574,,569.2212,15.8994,4.5361,36.1653,180.2,-9.99,0.018,,,-9.99,,,,
10180010,2003.724966,31.8,64.746,,576,,571.2018,15.8781,4.5335,36.1606,179.99,-9.99,0.021,,,-9.99,,,,
10180010,2003.724966,31.8,64.746,,578,,573.1824,15.8576,4.5312,36.1578,179.79,-9.99,0.016,,,-9.99,,,,
10180010,2003.724966,31.8,64.746,,580,,575.1629,15.8465,4.5299,36.1555,179.56,-9.99,0.023,,,-9.99,,,,
10180010,2003.724966,31.8,64.746,,582,,577.1435,15.8072,4.5252,36.1483,179.58,-9.99,0.022,,,-9.99,,,,
10180010,2003.724966,31.8,64.746,,584,,579.124,15.7621,4.5199,36.1413,179.48,-9.99,0.019,,,-9.99,,,,
10180010,2003.724966,31.8,64.746,,586,,581.1045,15.7629,4.5202,36.1423,179.03,-9.99,0.024,,,-9.99,,,,
10180010,2003.724966,31.8,64.746,,588,,583.085,15.7543,4.5192,36.1401,178.6,-9.99,0.028,,,-9.99,,,,
10180010,2003.724966,31.8,64.746,,590,,585.0655,15.7297,4.5161,36.1344,178.17,-9.99,0.031,,,-9.99,,,,
10180010,2003.724966,31.8,64.746,,592,,587.0459,15.6771,4.5098,36.1247,177.49,-9.99,0.03,,,-9.99,,,,
10180010,2003.724966,31.8,64.746,,594,,589.0264,15.6124,4.502,36.1129,176.58,-9.99,0.03,,,-9.99,,,,
10180010,2003.724966,31.8,64.746,,596,,591.0068,15.5693,4.4969,36.1053,176.02,-9.99,0.03,,,-9.99,,,,
10180010,2003.724966,31.8,64.746,,598,,592.9872,15.5441,4.4939,36.1008,175.56,-9.99,0.026,,,-9.99,,,,
10180010,2003.724966,31.8,64.746,,600,,594.9676,15.5295,4.4922,36.0976,174.74,-9.99,0.021,,,-9.99,,,,
10180010,2003.724966,31.8,64.746,,602,,596.9479,15.5007,4.4887,36.0915,173.97,-9.99,0.019,,,-9.99,,,,
10180010,2003.724966,31.8,64.746,,604,,598.9283,15.4541,4.483,36.0822,173.31,-9.99,0.019,,,-9.99,,,,
10180010,2003.724966,31.8,64.746,,606,,600.9086,15.4184,4.4788,36.076,172.84,-9.99,0.023,,,-9.99,,,,
10180010,2003.724966,31.8,64.746,,608,,602.8889,15.3575,4.4714,36.0645,172.6,-9.99,0.025,,,-9.99,,,,
10180010,2003.724966,31.8,64.746,,610,,604.8692,15.2919,4.4638,36.055,172.7,-9.99,0.027,,,-9.99,,,,
10180010,2003.724966,31.8,64.746,,612,,606.8494,15.251,4.459,36.0477,172.71,-9.99,0.029,,,-9.99,,,,
10180010,2003.724966,31.8,64.746,,614,,608.8297,15.1997,4.4531,36.0408,172.83,-9.99,0.026,,,-9.99,,,,
10180010,2003.724966,31.8,64.746,,616,,610.8099,15.1815,4.4512,36.0387,172.9,-9.99,0.019,,,-9.99,,,,
10180010,2003.724966,31.8,64.746,,618,,612.7901,15.1653,4.4492,36.0346,173.05,-9.99,0.023,,,-9.99,,,,
10180010,2003.724966,31.8,64.746,,620,,614.7703,15.079,4.4388,36.019,173.34,-9.99,0.017,,,-9.99,,,,
10180010,2003.724966,31.8,64.746,,622,,616.7504,15.0177,4.4319,36.0109,173.41,-9.99,0.012,,,-9.99,,,,
10180010,2003.724966,31.8,64.746,,624,,618.7306,14.9966,4.4296,36.0087,173.34,-9.99,0.024,,,-9.99,,,,
10180010,2003.724966,31.8,64.746,,626,,620.7107,14.9937,4.4293,36.0081,173.1,-9.99,0.021,,,-9.99,,,,
10180010,2003.724966,31.8,64.746,,628,,622.6908,14.9784,4.4276,36.0053,172.91,-9.99,0.025,,,-9.99,,,,
10180010,2003.724966,31.8,64.746,,630,,624.6709,14.9574,4.4251,36.0018,172.79,-9.99,0.027,,,-9.99,,,,
10180010,2003.724966,31.8,64.746,,632,,626.651,14.9304,4.4219,35.9966,172.38,-9.99,0.022,,,-9.99,,,,
10180010,2003.724966,31.8,64.746,,634,,628.6311,14.8622,4.4139,35.9848,171.98,-9.99,0.018,,,-9.99,,,,
10180010,2003.724966,31.8,64.746,,636,,630.6111,14.7993,4.4065,35.9742,171.68,-9.99,0.026,,,-9.99,,,,
10180010,2003.724966,31.8,64.746,,638,,632.5911,14.7275,4.3982,35.9633,170.96,-9.99,0.021,,,-9.99,,,,
10180010,2003.724966,31.8,64.746,,640,,634.5711,14.6748,4.3919,35.9537,170.1,-9.99,0.023,,,-9.99,,,,
10180010,2003.724966,31.8,64.746,,642,,636.5511,14.596,4.3826,35.94,169.68,-9.99,0.027,,,-9.99,,,,
10180010,2003.724966,31.8,64.746,,644,,638.5311,14.5258,4.3744,35.9282,169.53,-9.99,0.024,,,-9.99,,,,
10180010,2003.724966,31.8,64.746,,646,,640.511,14.4541,4.3661,35.9173,169.19,-9.99,0.031,,,-9.99,,,,
10180010,2003.724966,31.8,64.746,,648,,642.4909,14.4114,4.3613,35.9118,168.64,-9.99,0.036,,,-9.99,,,,
10180010,2003.724966,31.8,64.746,,650,,644.4708,14.3942,4.3594,35.9086,168.15,-9.99,0.033,,,-9.99,,,,
10180010,2003.724966,31.8,64.746,,652,,646.4507,14.3644,4.3558,35.9022,167.78,-9.99,0.03,,,-9.99,,,,
10180010,2003.724966,31.8,64.746,,654,,648.4306,14.2731,4.3451,35.8869,167.31,-9.99,0.029,,,-9.99,,,,
10180010,2003.724966,31.8,64.746,,656,,650.4104,14.1751,4.3338,35.8721,166.95,-9.99,0.032,,,-9.99,,,,
10180010,2003.724966,31.8,64.746,,658,,652.3902,14.1514,4.3312,35.8697,166.98,-9.99,0.032,,,-9.99,,,,
10180010,2003.724966,31.8,64.746,,660,,654.3701,14.1317,4.3291,35.8674,166.06,-9.99,0.029,,,-9.99,,,,
10180010,2003.724966,31.8,64.746,,662,,656.3498,14.104,4.3258,35.8618,165.72,-9.99,0.023,,,-9.99,,,,
10180010,2003.724966,31.8,64.746,,664,,658.3296,14.0576,4.3204,35.8537,165.38,-9.99,0.023,,,-9.99,,,,
10180010,2003.724966,31.8,64.746,,666,,660.3094,13.9878,4.3124,35.8426,164.3,-9.99,0.024,,,-9.99,,,,
10180010,2003.724966,31.8,64.746,,668,,662.2891,13.9038,4.3025,35.8273,163.43,-9.99,0.022,,,-9.99,,,,
10180010,2003.724966,31.8,64.746,,670,,664.2688,13.8031,4.2908,35.8106,163.06,-9.99,0.018,,,-9.99,,,,
10180010,2003.724966,31.8,64.746,,672,,666.2485,13.6871,4.2775,35.7934,162.67,-9.99,0.016,,,-9.99,,,,
10180010,2003.724966,31.8,64.746,,674,,668.2282,13.6326,4.2714,35.786,162.46,-9.99,0.019,,,-9.99,,,,
10180010,2003.724966,31.8,64.746,,676,,670.2078,13.5923,4.2668,35.7798,162.34,-9.99,0.026,,,-9.99,,,,
10180010,2003.724966,31.8,64.746,,678,,672.1875,13.5631,4.2636,35.7758,162.13,-9.99,0.028,,,-9.99,,,,
10180010,2003.724966,31.8,64.746,,680,,674.1671,13.5525,4.2625,35.7748,161.96,-9.99,0.024,,,-9.99,,,,
10180010,2003.724966,31.8,64.746,,682,,676.1467,13.5377,4.2609,35.773,161.58,-9.99,0.022,,,-9.99,,,,
10180010,2003.724966,31.8,64.746,,684,,678.1263,13.5295,4.2601,35.7716,161.33,-9.99,0.028,,,-9.99,,,,
10180010,2003.724966,31.8,64.746,,686,,680.1059,13.5146,4.2584,35.769,161.14,-9.99,0.016,,,-9.99,,,,
10180010,2003.724966,31.8,64.746,,688,,682.0854,13.4753,4.2539,35.7624,161,-9.99,0.022,,,-9.99,,,,
10180010,2003.724966,31.8,64.746,,690,,684.0649,13.4522,4.2513,35.7587,160.29,-9.99,0.017,,,-9.99,,,,
10180010,2003.724966,31.8,64.746,,692,,686.0444,13.3822,4.2431,35.7458,159.6,-9.99,0.028,,,-9.99,,,,
10180010,2003.724966,31.8,64.746,,694,,688.0239,13.3543,4.24,35.7417,159.07,-9.99,0.026,,,-9.99,,,,
10180010,2003.724966,31.8,64.746,,696,,690.0034,13.2865,4.232,35.7286,158.41,-9.99,0.025,,,-9.99,,,,
10180010,2003.724966,31.8,64.746,,698,,691.9828,13.1551,4.2169,35.7079,157.58,-9.99,0.017,,,-9.99,,,,
10180010,2003.724966,31.8,64.746,,700,,693.9623,13.0809,4.2083,35.6947,157.25,-9.99,0.029,,,-9.99,,,,
10180010,2003.724966,31.8,64.746,,702,,695.9417,12.9503,4.1936,35.6766,157.11,-9.99,0.02,,,-9.99,,,,
10180010,2003.724966,31.8,64.746,,704,,697.9211,12.9093,4.1893,35.6735,156.37,-9.99,0.034,,,-9.99,,,,
10180010,2003.724966,31.8,64.746,,706,,699.9004,12.8725,4.1851,35.6666,156.04,-9.99,0.028,,,-9.99,,,,
10180010,2003.724966,31.8,64.746,,708,,701.8798,12.7835,4.175,35.6533,155.85,-9.99,0.029,,,-9.99,,,,
10180010,2003.724966,31.8,64.746,,710,,703.8591,12.7348,4.1697,35.6472,155.6,-9.99,0.029,,,-9.99,,,,
10180010,2003.724966,31.8,64.746,,712,,705.8385,12.7001,4.166,35.6436,155.26,-9.99,0.027,,,-9.99,,,,
10180010,2003.724966,31.8,64.746,,714,,707.8178,12.6758,4.1633,35.6399,154.9,-9.99,0.029,,,-9.99,,,,
10180010,2003.724966,31.8,64.746,,716,,709.797,12.6118,4.1561,35.6303,154.69,-9.99,0.033,,,-9.99,,,,
10180010,2003.724966,31.8,64.746,,718,,711.7763,12.5521,4.1495,35.622,154.44,-9.99,0.033,,,-9.99,,,,
10180010,2003.724966,31.8,64.746,,720,,713.7555,12.5258,4.1467,35.6193,154.12,-9.99,0.031,,,-9.99,,,,
10180010,2003.724966,31.8,64.746,,722,,715.7348,12.5081,4.1449,35.6171,153.67,-9.99,0.03,,,-9.99,,,,
10180010,2003.724966,31.8,64.746,,724,,717.714,12.4731,4.1409,35.6114,153.21,-9.99,0.029,,,-9.99,,,,
10180010,2003.724966,31.8,64.746,,726,,719.6932,12.3789,4.1303,35.5974,153.11,-9.99,0.026,,,-9.99,,,,
10180010,2003.724966,31.8,64.746,,728,,721.6723,12.3261,4.1246,35.5908,153.03,-9.99,0.03,,,-9.99,,,,
10180010,2003.724966,31.8,64.746,,730,,723.6515,12.2746,4.119,35.5847,152.74,-9.99,0.039,,,-9.99,,,,
10180010,2003.724966,31.8,64.746,,732,,725.6306,12.2803,4.1197,35.5856,152.44,-9.99,0.028,,,-9.99,,,,
10180010,2003.724966,31.8,64.746,,734,,727.6097,12.2495,4.1163,35.5806,152.26,-9.99,0.022,,,-9.99,,,,
10180010,2003.724966,31.8,64.746,,736,,729.5888,12.1913,4.1099,35.5723,152.21,-9.99,0.021,,,-9.99,,,,
10180010,2003.724966,31.8,64.746,,738,,731.5679,12.1625,4.1068,35.569,152.06,-9.99,0.024,,,-9.99,,,,
10180010,2003.724966,31.8,64.746,,740,,733.5469,12.1466,4.1051,35.5672,151.86,-9.99,0.031,,,-9.99,,,,
10180010,2003.724966,31.8,64.746,,742,,735.526,12.1324,4.1036,35.5649,151.63,-9.99,0.025,,,-9.99,,,,
10180010,2003.724966,31.8,64.746,,744,,737.505,12.1081,4.1009,35.5611,151.27,-9.99,0.025,,,-9.99,,,,
10180010,2003.724966,31.8,64.746,,746,,739.484,12.0674,4.0964,35.5545,151,-9.99,0.028,,,-9.99,,,,
10180010,2003.724966,31.8,64.746,,748,,741.463,12.0182,4.0909,35.5467,150.95,-9.99,0.024,,,-9.99,,,,
10180010,2003.724966,31.8,64.746,,750,,743.4419,11.9743,4.0861,35.5414,150.91,-9.99,0.021,,,-9.99,,,,
10180010,2003.724966,31.8,64.746,,752,,745.4209,11.9545,4.0841,35.5395,150.72,-9.99,0.026,,,-9.99,,,,
10180010,2003.724966,31.8,64.746,,754,,747.3998,11.9403,4.0826,35.5372,150.37,-9.99,0.024,,,-9.99,,,,
10180010,2003.724966,31.8,64.746,,756,,749.3787,11.9258,4.081,35.5347,150.19,-9.99,0.025,,,-9.99,,,,
10180010,2003.724966,31.8,64.746,,758,,751.3576,11.8768,4.0756,35.5279,149.86,-9.99,0.019,,,-9.99,,,,
10180010,2003.724966,31.8,64.746,,760,,753.3364,11.8284,4.0704,35.5219,149.19,-9.99,0.026,,,-9.99,,,,
10180010,2003.724966,31.8,64.746,,762,,755.3153,11.7908,4.0661,35.5153,149.01,-9.99,0.026,,,-9.99,,,,
10180010,2003.724966,31.8,64.746,,764,,757.2941,11.6911,4.0547,35.4974,149.13,-9.99,0.033,,,-9.99,,,,
10180010,2003.724966,31.8,64.746,,766,,759.2729,11.6451,4.0502,35.4961,148.89,-9.99,0.026,,,-9.99,,,,
10180010,2003.724966,31.8,64.746,,768,,761.2517,11.6382,4.0496,35.4957,148.63,-9.99,0.022,,,-9.99,,,,
10180010,2003.724966,31.8,64.746,,770,,763.2305,11.6174,4.0472,35.4911,148.49,-9.99,0.026,,,-9.99,,,,
10180010,2003.724966,31.8,64.746,,772,,765.2092,11.5751,4.0427,35.4871,148.33,-9.99,0.034,,,-9.99,,,,
10180010,2003.724966,31.8,64.746,,774,,767.188,11.5478,4.0396,35.4816,148.16,-9.99,0.035,,,-9.99,,,,
10180010,2003.724966,31.8,64.746,,776,,769.1667,11.4772,4.0321,35.4735,148.24,-9.99,0.031,,,-9.99,,,,
10180010,2003.724966,31.8,64.746,,778,,771.1454,11.4469,4.029,35.4718,148.21,-9.99,0.033,,,-9.99,,,,
10180010,2003.724966,31.8,64.746,,780,,773.124,11.4009,4.0241,35.4666,148.06,-9.99,0.036,,,-9.99,,,,
10180010,2003.724966,31.8,64.746,,782,,775.1027,11.3592,4.0198,35.4627,147.99,-9.99,0.03,,,-9.99,,,,
10180010,2003.724966,31.8,64.746,,784,,777.0813,11.3413,4.018,35.461,147.84,-9.99,0.036,,,-9.99,,,,
10180010,2003.724966,31.8,64.746,,786,,779.06,11.3206,4.0158,35.4584,147.67,-9.99,0.034,,,-9.99,,,,
10180010,2003.724966,31.8,64.746,,788,,781.0386,11.2925,4.0129,35.4552,147.47,-9.99,0.027,,,-9.99,,,,
10180010,2003.724966,31.8,64.746,,790,,783.0171,11.2542,4.0087,35.4501,147.32,-9.99,0.027,,,-9.99,,,,
10180010,2003.724966,31.8,64.746,,792,,784.9957,11.1919,4.002,35.4426,147.28,-9.99,0.029,,,-9.99,,,,
10180010,2003.724966,31.8,64.746,,794,,786.9743,11.143,3.9969,35.4374,147.24,-9.99,0.035,,,-9.99,,,,
10180010,2003.724966,31.8,64.746,,796,,788.9528,11.1022,3.9925,35.4323,147.06,-9.99,0.037,,,-9.99,,,,
10180010,2003.724966,31.8,64.746,,798,,790.9313,11.0609,3.988,35.4261,147,-9.99,0.032,,,-9.99,,,,
10180010,2003.724966,31.8,64.746,,800,,792.9098,11.0128,3.9829,35.4202,146.9,-9.99,0.031,,,-9.99,,,,
10180010,2003.724966,31.8,64.746,,802,,794.8882,10.9654,3.9778,35.4148,146.68,-9.99,0.03,,,-9.99,,,,
10180010,2003.724966,31.8,64.746,,804,,796.8667,10.9382,3.975,35.4121,146.45,-9.99,0.025,,,-9.99,,,,
10180010,2003.724966,31.8,64.746,,806,,798.8451,10.8738,3.968,35.4032,146.42,-9.99,0.024,,,-9.99,,,,
10180010,2003.724966,31.8,64.746,,808,,800.8235,10.8078,3.9609,35.3946,146.43,-9.99,0.028,,,-9.99,,,,
10180010,2003.724966,31.8,64.746,,810,,802.8019,10.7267,3.9522,35.3846,146.51,-9.99,0.028,,,-9.99,,,,
10180010,2003.724966,31.8,64.746,,812,,804.7803,10.6552,3.9447,35.3773,146.5,-9.99,0.026,,,-9.99,,,,
10180010,2003.724966,31.8,64.746,,814,,806.7587,10.5808,3.9368,35.3684,146.55,-9.99,0.023,,,-9.99,,,,
10180010,2003.724966,31.8,64.746,,816,,808.737,10.5423,3.9328,35.365,146.5,-9.99,0.026,,,-9.99,,,,
10180010,2003.724966,31.8,64.746,,818,,810.7153,10.5154,3.93,35.3615,146.35,-9.99,0.025,,,-9.99,,,,
10180010,2003.724966,31.8,64.746,,820,,812.6936,10.4843,3.9266,35.3565,146.32,-9.99,0.026,,,-9.99,,,,
10180010,2003.724966,31.8,64.746,,822,,814.6719,10.4094,3.9188,35.3496,146.29,-9.99,0.023,,,-9.99,,,,
10180010,2003.724966,31.8,64.746,,824,,816.6502,10.3663,3.9143,35.3443,146.14,-9.99,0.022,,,-9.99,,,,
10180010,2003.724966,31.8,64.746,,826,,818.6284,10.3291,3.9104,35.3406,146.01,-9.99,0.024,,,-9.99,,,,
10180010,2003.724966,31.8,64.746,,828,,820.6066,10.2222,3.8989,35.3267,146.2,-9.99,0.025,,,-9.99,,,,
10180010,2003.724966,31.8,64.746,,830,,822.5849,10.0828,3.8842,35.3112,146.66,-9.99,0.033,,,-9.99,,,,
10180010,2003.724966,31.8,64.746,,832,,824.563,,9.987,3.8741,35.3011,147.02,-9.99,0.034,,,-9.99,,,
10180010,2003.724966,31.8,64.746,,834,,826.5412,,9.9282,3.8681,35.2961,147.28,-9.99,0.03,,,-9.99,,,
10180010,2003.724966,31.8,64.746,,836,,828.5194,,9.9053,3.8659,35.2951,147.39,-9.99,0.027,,,-9.99,,,
10180010,2003.724966,31.8,64.746,,838,,830.4975,,9.8942,3.8649,35.2947,147.44,-9.99,0.033,,,-9.99,,,
10180010,2003.724966,31.8,64.746,,840,,832.4756,,9.8931,3.865,35.2952,147.37,-9.99,0.036,,,-9.99,,,
10180010,2003.724966,31.8,64.746,,842,,834.4537,,9.8908,3.8648,35.2952,147.29,-9.99,0.032,,,-9.99,,,
10180010,2003.724966,31.8,64.746,,844,,836.4318,,9.8866,3.8645,35.2947,147.23,-9.99,0.034,,,-9.99,,,
10180010,2003.724966,31.8,64.746,,846,,838.4098,,9.8629,3.862,35.2917,147.28,-9.99,0.027,,,-9.99,,,
10180010,2003.724966,31.8,64.746,,848,,840.3879,,9.8343,3.8591,35.2885,147.35,-9.99,0.025,,,-9.99,,,
10180010,2003.724966,31.8,64.746,,850,,842.3659,,9.7841,3.8539,35.2833,147.52,-9.99,0.028,,,-9.99,,,
10180010,2003.724966,31.8,64.746,,852,,844.3439,,9.7582,3.8512,35.2803,147.59,-9.99,0.026,,,-9.99,,,
10180010,2003.724966,31.8,64.746,,854,,846.3219,,9.7377,3.8491,35.2784,147.63,-9.99,0.026,,,-9.99,,,
10180010,2003.724966,31.8,64.746,,856,,848.2998,,9.715,3.8469,35.2766,147.69,-9.99,0.029,,,-9.99,,,
10180010,2003.724966,31.8,64.746,,858,,850.2778,,9.6851,3.8438,35.2727,147.84,-9.99,0.024,,,-9.99,,,
10180010,2003.724966,31.8,64.746,,860,,852.2557,,9.6511,3.8403,35.2697,147.98,-9.99,0.026,,,-9.99,,,
10180010,2003.724966,31.8,64.746,,862,,854.2336,,9.6244,3.8377,35.2675,148.11,-9.99,0.02,,,-9.99,,,
10180010,2003.724966,31.8,64.746,,864,,856.2115,,9.5985,3.835,35.2649,148.29,-9.99,0.019,,,-9.99,,,
10180010,2003.724966,31.8,64.746,,866,,858.1894,,9.5507,3.83,35.2589,148.44,-9.99,0.029,,,-9.99,,,
10180010,2003.724966,31.8,64.746,,868,,860.1672,,9.508,3.8258,35.2563,148.8,-9.99,0.033,,,-9.99,,,
10180010,2003.724966,31.8,64.746,,870,,862.145,,9.4837,3.8234,35.2549,149.07,-9.99,0.04,,,-9.99,,,
10180010,2003.724966,31.8,64.746,,872,,864.1228,,9.4411,3.8191,35.2512,149.28,-9.99,0.029,,,-9.99,,,
10180010,2003.724966,31.8,64.746,,874,,866.1006,,9.4097,3.816,35.2491,149.5,-9.99,0.031,,,-9.99,,,
10180010,2003.724966,31.8,64.746,,876,,868.0784,,9.3857,3.8137,35.2473,149.65,-9.99,0.036,,,-9.99,,,
10180010,2003.724966,31.8,64.746,,878,,870.0562,,9.3652,3.8117,35.2462,149.87,-9.99,0.036,,,-9.99,,,
10180010,2003.724966,31.8,64.746,,880,,872.0339,,9.3417,3.8094,35.2444,150.13,-9.99,0.031,,,-9.99,,,
10180010,2003.724966,31.8,64.746,,882,,874.0116,,9.3159,3.8068,35.242,150.17,-9.99,0.027,,,-9.99,,,
10180010,2003.724966,31.8,64.746,,884,,875.9893,,9.2936,3.8047,35.2411,150.83,-9.99,0.025,,,-9.99,,,
10180010,2003.724966,31.8,64.746,,886,,877.967,,9.2337,3.7984,35.2334,151.71,-9.99,0.031,,,-9.99,,,
10180010,2003.724966,31.8,64.746,,888,,879.9447,,9.112,3.7863,35.226,152.42,-9.99,0.031,,,-9.99,,,
10180010,2003.724966,31.8,64.746,,890,,881.9223,,9.0264,3.7778,35.2215,153.2,-9.99,0.03,,,-9.99,,,
10180010,2003.724966,31.8,64.746,,892,,883.8999,,9.0032,3.7756,35.2199,153.65,-9.99,0.029,,,-9.99,,,
10180010,2003.724966,31.8,64.746,,894,,885.8775,,8.9344,3.7687,35.2145,154.05,-9.99,0.028,,,-9.99,,,
10180010,2003.724966,31.8,64.746,,896,,887.8551,,8.9184,3.7672,35.2138,154.24,-9.99,0.029,,,-9.99,,,
10180010,2003.724966,31.8,64.746,,898,,889.8327,,8.8968,3.765,35.2117,154.35,-9.99,0.025,,,-9.99,,,
10180010,2003.724966,31.8,64.746,,900,,891.8102,,8.8701,3.7624,35.209,154.6,-9.99,0.03,,,-9.99,,,
10180010,2003.724966,31.8,64.746,,902,,893.7878,,8.7838,3.7535,35.2002,155.29,-9.99,0.032,,,-9.99,,,
10180010,2003.724966,31.8,64.746,,904,,895.7653,,8.6834,3.7434,35.1922,156.2,-9.99,0.031,,,-9.99,,,
10180010,2003.724966,31.8,64.746,,906,,897.7428,,8.63,3.738,35.1874,156.79,-9.99,0.027,,,-9.99,,,
10180010,2003.724966,31.8,64.746,,908,,899.7202,,8.5427,3.7295,35.1834,157.69,-9.99,0.024,,,-9.99,,,
10180010,2003.724966,31.8,64.746,,910,,901.6977,,8.5115,3.7266,35.1831,158.29,-9.99,0.027,,,-9.99,,,
10180010,2003.724966,31.8,64.746,,912,,903.6751,,8.4613,3.7216,35.1792,158.73,-9.99,0.032,,,-9.99,,,
10180010,2003.724966,31.8,64.746,,914,,905.6526,,8.4318,3.7189,35.1783,159.11,-9.99,0.031,,,-9.99,,,
10180010,2003.724966,31.8,64.746,,916,,907.63,,8.4148,3.7173,35.1777,159.4,-9.99,0.033,,,-9.99,,,
10180010,2003.724966,31.8,64.746,,918,,909.6073,,8.3932,3.7152,35.1763,159.66,-9.99,0.017,,,-9.99,,,
10180010,2003.724966,31.8,64.746,,920,,911.5847,,8.3769,3.7137,35.1756,160.02,-9.99,0.021,,,-9.99,,,
10180010,2003.724966,31.8,64.746,,922,,913.562,,8.3412,3.7102,35.1732,160.4,-9.99,0.02,,,-9.99,,,
10180010,2003.724966,31.8,64.746,,924,,915.5394,,8.3137,3.7076,35.1719,161,-9.99,0.022,,,-9.99,,,
10180010,2003.724966,31.8,64.746,,926,,917.5167,,8.2643,3.7028,35.1685,161.76,-9.99,0.037,,,-9.99,,,
10180010,2003.724966,31.8,64.746,,928,,919.494,,8.1786,3.6943,35.1633,162.39,-9.99,0.031,,,-9.99,,,
10180010,2003.724966,31.8,64.746,,930,,921.4712,,8.164,3.6931,35.1633,162.76,-9.99,0.031,,,-9.99,,,
10180010,2003.724966,31.8,64.746,,932,,923.4485,,8.15,3.6918,35.1627,163.09,-9.99,0.032,,,-9.99,,,
10180010,2003.724966,31.8,64.746,,934,,925.4257,,8.1175,3.6885,35.1597,163.43,-9.99,0.034,,,-9.99,,,
10180010,2003.724966,31.8,64.746,,936,,927.4029,,8.0625,3.6832,35.1565,163.95,-9.99,0.029,,,-9.99,,,
10180010,2003.724966,31.8,64.746,,938,,929.3801,,8.038,3.6809,35.1553,164.56,-9.99,0.034,,,-9.99,,,
10180010,2003.724966,31.8,64.746,,940,,931.3573,,7.975,3.6746,35.1499,165.35,-9.99,0.035,,,-9.99,,,
10180010,2003.724966,31.8,64.746,,942,,933.3344,,7.8845,3.6658,35.1452,166.4,-9.99,0.029,,,-9.99,,,
10180010,2003.724966,31.8,64.746,,944,,935.3116,,7.8239,3.6598,35.1407,167.26,-9.99,0.024,,,-9.99,,,
10180010,2003.724966,31.8,64.746,,946,,937.2887,,7.7759,3.6553,35.1392,167.74,-9.99,0.04,,,-9.99,,,
10180010,2003.724966,31.8,64.746,,948,,939.2658,,7.7483,3.6527,35.1385,168.23,-9.99,0.029,,,-9.99,,,
10180010,2003.724966,31.8,64.746,,950,,941.2429,,7.7265,3.6507,35.1374,168.63,-9.99,0.029,,,-9.99,,,
10180010,2003.724966,31.8,64.746,,952,,943.2199,,7.6957,3.6478,35.1361,169.08,-9.99,0.026,,,-9.99,,,
10180010,2003.724966,31.8,64.746,,954,,945.197,,7.6688,3.6453,35.1355,169.47,-9.99,0.022,,,-9.99,,,
10180010,2003.724966,31.8,64.746,,956,,947.174,,7.6507,3.6437,35.135,169.71,-9.99,0.024,,,-9.99,,,
10180010,2003.724966,31.8,64.746,,958,,949.151,,7.6411,3.6428,35.1346,169.86,-9.99,0.03,,,-9.99,,,
10180010,2003.724966,31.8,64.746,,960,,951.128,,7.6218,3.641,35.1338,170.11,-9.99,0.028,,,-9.99,,,
10180010,2003.724966,31.8,64.746,,962,,953.105,,7.6017,3.6392,35.1337,170.69,-9.99,0.029,,,-9.99,,,
10180010,2003.724966,31.8,64.746,,964,,955.0819,,7.5678,3.6358,35.1297,171.28,-9.99,0.02,,,-9.99,,,
10180010,2003.724966,31.8,64.746,,966,,957.0588,,7.5105,3.6306,35.1298,171.87,-9.99,0.026,,,-9.99,,,
10180010,2003.724966,31.8,64.746,,968,,959.0358,,7.485,3.6282,35.1287,172.28,-9.99,0.023,,,-9.99,,,
10180010,2003.724966,31.8,64.746,,970,,961.0126,,7.4699,3.6268,35.1283,172.58,-9.99,0.026,,,-9.99,,,
10180010,2003.724966,31.8,64.746,,972,,962.9895,,7.4535,3.6254,35.1281,173.04,-9.99,0.032,,,-9.99,,,
10180010,2003.724966,31.8,64.746,,974,,964.9664,,7.4256,3.6228,35.1269,173.65,-9.99,0.034,,,-9.99,,,
10180010,2003.724966,31.8,64.746,,976,,966.9432,,7.3935,3.6198,35.1258,174.5,-9.99,0.028,,,-9.99,,,
10180010,2003.724966,31.8,64.746,,978,,968.92,,7.304,3.6111,35.1209,176.4,-9.99,0.025,,,-9.99,,,
10180010,2003.724966,31.8,64.746,,980,,970.8968,,7.2365,3.6046,35.1176,177.51,-9.99,0.024,,,-9.99,,,
10180010,2003.724966,31.8,64.746,,982,,972.8736,,7.1987,3.6012,35.117,178.23,-9.99,0.026,,,-9.99,,,
10180010,2003.724966,31.8,64.746,,984,,974.8504,,7.169,3.5985,35.1171,179.38,-9.99,0.02,,,-9.99,,,
10180010,2003.724966,31.8,64.746,,986,,976.8271,,7.1512,3.5969,35.1166,180.42,-9.99,0.013,,,-9.99,,,
10180010,2003.724966,31.8,64.746,,988,,978.8038,,7.115,3.5935,35.1147,181.35,-9.99,0.025,,,-9.99,,,
10180010,2003.724966,31.8,64.746,,990,,980.7805,,7.0583,3.5883,35.1146,182.16,-9.99,0.032,,,-9.99,,,
10180010,2003.724966,31.8,64.746,,992,,982.7572,,7.0323,3.5861,35.1156,183.08,-9.99,0.024,,,-9.99,,,
10180010,2003.724966,31.8,64.746,,994,,984.7339,,7.0082,3.5839,35.1154,184.09,-9.99,0.02,,,-9.99,,,
10180010,2003.724966,31.8,64.746,,996,,986.7106,,6.9598,3.5793,35.1132,184.92,-9.99,0.025,,,-9.99,,,
10180010,2003.724966,31.8,64.746,,998,,988.6872,,6.9035,3.5741,35.1122,185.64,-9.99,0.033,,,-9.99,,,
10180010,2003.724966,31.8,64.746,1000,,990.6638,,6.8873,3.5727,35.1116,186.13,-9.99,0.028,,,-9.99,,,,
10180010,2003.724966,31.8,64.746,1002,,992.6404,,6.8794,3.572,35.1115,186.44,-9.99,0.026,,,-9.99,,,,
10180010,2003.724966,31.8,64.746,1004,,994.617,,6.8665,3.5708,35.1107,186.77,-9.99,0.034,,,-9.99,,,,
10180010,2003.724966,31.8,64.746,1006,,996.5935,,6.8512,3.5694,35.1096,187.11,-9.99,0.036,,,-9.99,,,,
10180010,2003.724966,31.8,64.746,1008,,998.5701,,6.8262,3.567,35.1075,187.66,-9.99,0.038,,,-9.99,,,,
10180010,2003.724966,31.8,64.746,1010,1000.5466,,6.792,3.5637,35.1054,188.25,-9.99,0.032,,,-9.99,,,,,
10180010,2003.724966,31.8,64.746,1012,1002.5231,,6.7508,3.5598,35.1035,188.93,-9.99,0.026,,,-9.99,,,,,
10180010,2003.724966,31.8,64.746,1014,1004.4996,,6.7116,3.5562,35.1022,189.59,-9.99,0.027,,,-9.99,,,,,
10180010,2003.724966,31.8,64.746,1016,1006.476,,6.6818,3.5534,35.1007,189.98,-9.99,0.026,,,-9.99,,,,,
10180010,2003.724966,31.8,64.746,1018,1008.4525,,6.6585,3.5513,35.1,190.47,-9.99,0.022,,,-9.99,,,,,
10180010,2003.724966,31.8,64.746,1020,1010.4289,,6.6403,3.5496,35.0985,190.93,-9.99,0.015,,,-9.99,,,,,
10180010,2003.724966,31.8,64.746,1022,1012.4053,,6.6182,3.5475,35.0974,191.32,-9.99,0.018,,,-9.99,,,,,
10180010,2003.724966,31.8,64.746,1024,1014.3817,,6.5856,3.5443,35.0938,191.75,-9.99,0.022,,,-9.99,,,,,
10180010,2003.724966,31.8,64.746,1026,1016.3581,,6.5577,3.5416,35.0915,192.32,-9.99,0.027,,,-9.99,,,,,
10180010,2003.724966,31.8,64.746,1028,1018.3344,,6.5353,3.5395,35.09,192.9,-9.99,0.029,,,-9.99,,,,,
10180010,2003.724966,31.8,64.746,1030,1020.3107,,6.491,3.5352,35.0867,193.47,-9.99,0.022,,,-9.99,,,,,
10180010,2003.724966,31.8,64.746,1032,1022.2871,,6.4615,3.5325,35.0866,193.97,-9.99,0.029,,,-9.99,,,,,
10180010,2003.724966,31.8,64.746,1034,1024.2633,,6.4396,3.5305,35.0854,194.42,-9.99,0.038,,,-9.99,,,,,
10180010,2003.724966,31.8,64.746,1036,1026.2396,,6.4298,3.5296,35.0846,194.7,-9.99,0.036,,,-9.99,,,,,
10180010,2003.724966,31.8,64.746,1038,1028.2159,,6.4228,3.529,35.0844,195.01,-9.99,0.03,,,-9.99,,,,,
10180010,2003.724966,31.8,64.746,1040,1030.1921,,6.4043,3.5273,35.0829,195.41,-9.99,0.023,,,-9.99,,,,,
10180010,2003.724966,31.8,64.746,1042,1032.1683,,6.3679,3.524,35.0827,195.99,-9.99,0.016,,,-9.99,,,,,
10180010,2003.724966,31.8,64.746,1044,1034.1445,,6.3532,3.5227,35.0823,196.51,-9.99,0.025,,,-9.99,,,,,
10180010,2003.724966,31.8,64.746,1046,1036.1207,,6.3215,3.5198,35.0807,197.05,-9.99,0.03,,,-9.99,,,,,
10180010,2003.724966,31.8,64.746,1048,1038.0969,,6.2972,3.5176,35.0802,197.44,-9.99,0.032,,,-9.99,,,,,
10180010,2003.724966,31.8,64.746,1050,1040.073,,6.2871,3.5166,35.0792,198.05,-9.99,0.03,,,-9.99,,,,,
10180010,2003.724966,31.8,64.746,1052,1042.0492,,6.2562,3.5138,35.0781,198.64,-9.99,0.019,,,-9.99,,,,,
10180010,2003.724966,31.8,64.746,1054,1044.0253,,6.2415,3.5125,35.0781,199.02,-9.99,0.02,,,-9.99,,,,,
10180010,2003.724966,31.8,64.746,1056,1046.0014,,6.2088,3.5094,35.0762,199.8,-9.99,0.027,,,-9.99,,,,,
10180010,2003.724966,31.8,64.746,1058,1047.9774,,6.1801,3.5068,35.0749,200.36,-9.99,0.033,,,-9.99,,,,,
10180010,2003.724966,31.8,64.746,1060,1049.9535,,6.1621,3.5053,35.0755,200.77,-9.99,0.033,,,-9.99,,,,,
10180010,2003.724966,31.8,64.746,1062,1051.9295,,6.1549,3.5048,35.0763,201.14,-9.99,0.031,,,-9.99,,,,,
10180010,2003.724966,31.8,64.746,1064,1053.9055,,6.1521,3.5047,35.0773,201.54,-9.99,0.032,,,-9.99,,,,,
10180010,2003.724966,31.8,64.746,1066,1055.8815,,6.1346,3.5031,35.0769,201.9,-9.99,0.026,,,-9.99,,,,,
10180010,2003.724966,31.8,64.746,1068,1057.8575,,6.1184,3.5017,35.0762,202.21,-9.99,0.027,,,-9.99,,,,,
10180010,2003.724966,31.8,64.746,1070,1059.8335,,6.1064,3.5006,35.0755,202.45,-9.99,0.028,,,-9.99,,,,,
10180010,2003.724966,31.8,64.746,1072,1061.8094,,6.0914,3.4992,35.0748,202.8,-9.99,0.027,,,-9.99,,,,,
10180010,2003.724966,31.8,64.746,1074,1063.7853,,6.0754,3.4978,35.0743,203.33,-9.99,0.026,,,-9.99,,,,,
10180010,2003.724966,31.8,64.746,1076,1065.7612,,6.0535,3.4958,35.0737,203.84,-9.99,0.028,,,-9.99,,,,,
10180010,2003.724966,31.8,64.746,1078,1067.7371,,6.0244,3.4932,35.0734,204.43,-9.99,0.029,,,-9.99,,,,,
10180010,2003.724966,31.8,64.746,1080,1069.713,,6.0177,3.4928,35.0742,204.74,-9.99,0.025,,,-9.99,,,,,
10180010,2003.724966,31.8,64.746,1082,1071.6888,,6.0122,3.4924,35.0744,205.07,-9.99,0.019,,,-9.99,,,,,
10180010,2003.724966,31.8,64.746,1084,1073.6646,,5.9994,3.4913,35.074,205.61,-9.99,0.013,,,-9.99,,,,,
10180010,2003.724966,31.8,64.746,1086,1075.6405,,5.9747,3.489,35.0731,206.12,-9.99,0.013,,,-9.99,,,,,
10180010,2003.724966,31.8,64.746,1088,1077.6162,,5.9575,3.4876,35.0736,206.46,-9.99,0.019,,,-9.99,,,,,
10180010,2003.724966,31.8,64.746,1090,1079.592,,5.9542,3.4873,35.0734,206.66,-9.99,0.023,,,-9.99,,,,,
10180010,2003.724966,31.8,64.746,1092,1081.5678,,5.9501,3.487,35.0732,206.83,-9.99,0.024,,,-9.99,,,,,
10180010,2003.724966,31.8,64.746,1094,1083.5435,,5.9444,3.4866,35.0729,207.04,-9.99,0.026,,,-9.99,,,,,
10180010,2003.724966,31.8,64.746,1096,1085.5192,,5.9308,3.4853,35.0718,207.34,-9.99,0.026,,,-9.99,,,,,
10180010,2003.724966,31.8,64.746,1098,1087.4949,,5.9125,3.4836,35.0703,207.69,-9.99,0.024,,,-9.99,,,,,
10180010,2003.724966,31.8,64.746,1100,1089.4706,,5.8962,3.4821,35.0698,207.84,-9.99,0.029,,,-9.99,,,,,
10180010,2003.724966,31.8,64.746,1102,1091.4463,,5.8791,3.4806,35.0696,208.43,-9.99,0.023,,,-9.99,,,,,
10180010,2003.724966,31.8,64.746,1104,1093.4219,,5.8517,3.478,35.0675,208.93,-9.99,0.022,,,-9.99,,,,,
10180010,2003.724966,31.8,64.746,1106,1095.3975,,5.8315,3.4762,35.0661,209.3,-9.99,0.018,,,-9.99,,,,,
10180010,2003.724966,31.8,64.746,1108,1097.3731,,5.7955,3.4726,35.0626,209.91,-9.99,0.027,,,-9.99,,,,,
10180010,2003.724966,31.8,64.746,1110,1099.3487,,5.7701,3.4703,35.0617,210.64,-9.99,0.021,,,-9.99,,,,,
10180010,2003.724966,31.8,64.746,1112,1101.3243,,5.7642,3.4699,35.0619,210.92,-9.99,0.025,,,-9.99,,,,,
10180010,2003.724966,31.8,64.746,1114,1103.2998,,5.7461,3.4683,35.0615,211.25,-9.99,0.02,,,-9.99,,,,,
10180010,2003.724966,31.8,64.746,1116,1105.2754,,5.724,3.4664,35.0616,211.81,-9.99,0.016,,,-9.99,,,,,
10180010,2003.724966,31.8,64.746,1118,1107.2509,,5.7041,3.4644,35.0591,212.15,-9.99,0.024,,,-9.99,,,,,
10180010,2003.724966,31.8,64.746,1120,1109.2264,,5.6848,3.4628,35.0594,212.49,-9.99,0.025,,,-9.99,,,,,
10180010,2003.724966,31.8,64.746,1122,1111.2018,,5.651,3.4596,35.0577,213.35,-9.99,0.025,,,-9.99,,,,,
10180010,2003.724966,31.8,64.746,1124,1113.1773,,5.6275,3.4575,35.0571,213.83,-9.99,0.028,,,-9.99,,,,,
10180010,2003.724966,31.8,64.746,1126,1115.1527,,5.6122,3.4561,35.056,214.28,-9.99,0.026,,,-9.99,,,,,
10180010,2003.724966,31.8,64.746,1128,1117.1281,,5.5952,3.4545,35.0545,214.8,-9.99,0.027,,,-9.99,,,,,
10180010,2003.724966,31.8,64.746,1130,1119.1035,,5.5534,3.4505,35.0513,215.63,-9.99,0.027,,,-9.99,,,,,
10180010,2003.724966,31.8,64.746,1132,1121.0789,,5.5291,3.4483,35.0507,216.12,-9.99,0.025,,,-9.99,,,,,
10180010,2003.724966,31.8,64.746,1134,1123.0543,,5.5189,3.4475,35.0509,216.53,-9.99,0.024,,,-9.99,,,,,
10180010,2003.724966,31.8,64.746,1136,1125.0296,,5.5138,3.4472,35.0514,216.86,-9.99,0.024,,,-9.99,,,,,
10180010,2003.724966,31.8,64.746,1138,1127.0049,,5.5069,3.4467,35.0524,217.21,-9.99,0.027,,,-9.99,,,,,
10180010,2003.724966,31.8,64.746,1140,1128.9802,,5.4979,3.446,35.0527,217.64,-9.99,0.027,,,-9.99,,,,,
10180010,2003.724966,31.8,64.746,1142,1130.9555,,5.4883,3.4452,35.0522,217.96,-9.99,0.024,,,-9.99,,,,,
10180010,2003.724966,31.8,64.746,1144,1132.9308,,5.4757,3.4441,35.0519,218.38,-9.99,0.021,,,-9.99,,,,,
10180010,2003.724966,31.8,64.746,1146,1134.9061,,5.4706,3.4437,35.0522,218.65,-9.99,0.021,,,-9.99,,,,,
10180010,2003.724966,31.8,64.746,1148,1136.8813,,5.455,3.4423,35.0515,219.03,-9.99,0.021,,,-9.99,,,,,
10180010,2003.724966,31.8,64.746,1150,1138.8565,,5.437,3.4407,35.0503,219.42,-9.99,0.025,,,-9.99,,,,,
10180010,2003.724966,31.8,64.746,1152,1140.8317,,5.4179,3.4389,35.0488,219.81,-9.99,0.029,,,-9.99,,,,,
10180010,2003.724966,31.8,64.746,1154,1142.8069,,5.3972,3.4371,35.0486,220.55,-9.99,0.039,,,-9.99,,,,,
10180010,2003.724966,31.8,64.746,1156,1144.782,,5.3792,3.4355,35.0485,220.94,-9.99,0.034,,,-9.99,,,,,
10180010,2003.724966,31.8,64.746,1158,1146.7572,,5.3787,3.4359,35.052,221.24,-9.99,0.028,,,-9.99,,,,,
10180010,2003.724966,31.8,64.746,1160,1148.7323,,5.3803,3.4364,35.055,221.54,-9.99,0.029,,,-9.99,,,,,
10180010,2003.724966,31.8,64.746,1162,1150.7074,,5.3695,3.4355,35.0548,221.88,-9.99,0.025,,,-9.99,,,,,
10180010,2003.724966,31.8,64.746,1164,1152.6825,,5.3634,3.435,35.0553,222.24,-9.99,0.024,,,-9.99,,,,,
10180010,2003.724966,31.8,64.746,1166,1154.6575,,5.3579,3.4346,35.0556,222.56,-9.99,0.028,,,-9.99,,,,,
10180010,2003.724966,31.8,64.746,1168,1156.6326,,5.3458,3.4336,35.0552,222.93,-9.99,0.03,,,-9.99,,,,,
10180010,2003.724966,31.8,64.746,1170,1158.6076,,5.3332,3.4326,35.0555,223.36,-9.99,0.031,,,-9.99,,,,,
10180010,2003.724966,31.8,64.746,1172,1160.5826,,5.3261,3.4321,35.0562,223.63,-9.99,0.031,,,-9.99,,,,,
10180010,2003.724966,31.8,64.746,1174,1162.5576,,5.3176,3.4314,35.057,223.96,-9.99,0.03,,,-9.99,,,,,
10180010,2003.724966,31.8,64.746,1176,1164.5326,,5.3067,3.4305,35.057,224.35,-9.99,0.028,,,-9.99,,,,,
10180010,2003.724966,31.8,64.746,1178,1166.5075,,5.2976,3.4298,35.0568,224.56,-9.99,0.023,,,-9.99,,,,,
10180010,2003.724966,31.8,64.746,1180,1168.4825,,5.2867,3.4288,35.0561,224.85,-9.99,0.025,,,-9.99,,,,,
10180010,2003.724966,31.8,64.746,1182,1170.4574,,5.2731,3.4276,35.0552,225.07,-9.99,0.026,,,-9.99,,,,,
10180010,2003.724966,31.8,64.746,1184,1172.4323,,5.2659,3.427,35.055,225.41,-9.99,0.029,,,-9.99,,,,,
10180010,2003.724966,31.8,64.746,1186,1174.4071,,5.2562,3.4262,35.0546,225.76,-9.99,0.02,,,-9.99,,,,,
10180010,2003.724966,31.8,64.746,1188,1176.382,,5.2517,3.4259,35.0558,225.98,-9.99,0.021,,,-9.99,,,,,
10180010,2003.724966,31.8,64.746,1190,1178.3568,,5.2457,3.4255,35.0565,226.22,-9.99,0.031,,,-9.99,,,,,
10180010,2003.724966,31.8,64.746,1192,1180.3317,,5.2409,3.4252,35.0567,226.39,-9.99,0.033,,,-9.99,,,,,
10180010,2003.724966,31.8,64.746,1194,1182.3065,,5.2315,3.4244,35.0565,226.66,-9.99,0.024,,,-9.99,,,,,
10180010,2003.724966,31.8,64.746,1196,1184.2813,,5.2181,3.4232,35.0551,226.91,-9.99,0.025,,,-9.99,,,,,
10180010,2003.724966,31.8,64.746,1198,1186.256,,5.2089,3.4224,35.0545,227.22,-9.99,0.022,,,-9.99,,,,,
10180010,2003.724966,31.8,64.746,1200,1188.2308,,5.196,3.4212,35.0536,227.54,-9.99,0.02,,,-9.99,,,,,
10180010,2003.724966,31.8,64.746,1202,1190.2055,,5.184,3.4202,35.0533,227.79,-9.99,0.022,,,-9.99,,,,,
10180010,2003.724966,31.8,64.746,1204,1192.1802,,5.1747,3.4194,35.0529,227.99,-9.99,0.024,,,-9.99,,,,,
10180010,2003.724966,31.8,64.746,1206,1194.1549,,5.1596,3.418,35.052,228.27,-9.99,0.024,,,-9.99,,,,,
10180010,2003.724966,31.8,64.746,1208,1196.1296,,5.1558,3.4177,35.0517,228.4,-9.99,0.026,,,-9.99,,,,,
10180010,2003.724966,31.8,64.746,1210,1198.1042,,5.1495,3.4172,35.0514,228.67,-9.99,0.027,,,-9.99,,,,,
10180010,2003.724966,31.8,64.746,1212,1200.0789,,5.1438,3.4168,35.0512,228.9,-9.99,0.028,,,-9.99,,,,,
10180010,2003.724966,31.8,64.746,1214,1202.0535,,5.1358,3.4161,35.0508,229.11,-9.99,0.029,,,-9.99,,,,,
10180011,2003.7252,31.805,64.725,,,,5,,,,4.9652,27.3081,5.7878,36.6976,210.57,-9.99,0.027,,,-9.99
10180011,2003.7252,31.805,64.725,,,,7,,,,6.9512,27.2013,5.7766,36.7008,210.34,-9.99,0.039,,,-9.99
10180011,2003.7252,31.805,64.725,,,,9,,,,8.9373,27.1716,5.7734,36.7008,210.4,-9.99,0.035,,,-9.99
10180011,2003.7252,31.805,64.725,,,11,,,10.9233,27.1659,5.773,36.7015,210.47,-9.99,0.028,,,-9.99,,
10180011,2003.7252,31.805,64.725,,,13,,,12.9092,27.1592,5.7724,36.7021,210.49,-9.99,0.031,,,-9.99,,
10180011,2003.7252,31.805,64.725,,,15,,,14.8952,27.1554,5.7722,36.7028,210.5,-9.99,0.033,,,-9.99,,
10180011,2003.7252,31.805,64.725,,,17,,,16.8812,27.1538,5.7722,36.7036,210.54,-9.99,0.03,,,-9.99,,
10180011,2003.7252,31.805,64.725,,,19,,,18.8671,27.1475,5.7717,36.7044,210.65,-9.99,0.034,,,-9.99,,
10180011,2003.7252,31.805,64.725,,,21,,,20.853,27.139,5.7709,36.7048,210.48,-9.99,0.035,,,-9.99,,
10180011,2003.7252,31.805,64.725,,,23,,,22.8389,27.0936,5.7657,36.7026,211.04,-9.99,0.033,,,-9.99,,
10180011,2003.7252,31.805,64.725,,,25,,,24.8247,27.0164,5.7568,36.6988,211.22,-9.99,0.029,,,-9.99,,
10180011,2003.7252,31.805,64.725,,,27,,,26.8106,27.0111,5.756,36.6966,210.98,-9.99,0.028,,,-9.99,,
10180011,2003.7252,31.805,64.725,,,29,,,28.7964,26.9779,5.7514,36.6892,210.93,-9.99,0.034,,,-9.99,,
10180011,2003.7252,31.805,64.725,,,31,,,30.7822,26.9033,5.7403,36.6678,211.12,-9.99,0.041,,,-9.99,,
10180011,2003.7252,31.805,64.725,,,33,,,32.768,26.6955,5.7109,36.6188,211.4,-9.99,0.043,,,-9.99,,
10180011,2003.7252,31.805,64.725,,,35,,,34.7538,26.5302,5.6882,36.5849,211.6,-9.99,0.045,,,-9.99,,
10180011,2003.7252,31.805,64.725,,,37,,,36.7396,26.4024,5.671,36.5611,211.74,-9.99,0.044,,,-9.99,,
10180011,2003.7252,31.805,64.725,,,39,,,38.7253,26.3287,5.6614,36.5486,211.85,-9.99,0.044,,,-9.99,,
10180011,2003.7252,31.805,64.725,,,41,,,40.711,26.187,5.643,36.5269,211.99,-9.99,0.044,,,-9.99,,
10180011,2003.7252,31.805,64.725,,,43,,,42.6967,25.8259,5.5998,36.4974,212.47,-9.99,0.052,,,-9.99,,
10180011,2003.7252,31.805,64.725,,,45,,,44.6824,25.5213,5.5648,36.483,212.97,-9.99,0.061,,,-9.99,,
10180011,2003.7252,31.805,64.725,,,47,,,46.668,25.0723,5.5151,36.4745,213.78,-9.99,0.069,,,-9.99,,
10180011,2003.7252,31.805,64.725,,,49,,,48.6537,24.702,5.4765,36.485,214.42,-9.99,0.08,,,-9.99,,
10180011,2003.7252,31.805,64.725,,,51,,,50.6393,24.1881,5.4237,36.5052,216.17,-9.99,0.09,,,-9.99,,
10180011,2003.7252,31.805,64.725,,,53,,,52.6249,23.8739,5.3917,36.5187,217.63,-9.99,0.096,,,-9.99,,
10180011,2003.7252,31.805,64.725,,,55,,,54.6105,23.4113,5.3444,36.537,219.4,-9.99,0.109,,,-9.99,,
10180011,2003.7252,31.805,64.725,,,57,,,56.596,22.8608,5.2883,36.559,221.97,-9.99,0.122,,,-9.99,,
10180011,2003.7252,31.805,64.725,,,59,,,58.5816,22.6556,5.2674,36.5672,222.1,-9.99,0.13,,,-9.99,,
10180011,2003.7252,31.805,64.725,,,61,,,60.5671,22.456,5.2474,36.577,220.53,-9.99,0.141,,,-9.99,,
10180011,2003.7252,31.805,64.725,,,63,,,62.5526,22.2896,5.2305,36.5838,218.83,-9.99,0.173,,,-9.99,,
10180011,2003.7252,31.805,64.725,,,65,,,64.5381,22.0984,5.211,36.5903,216.89,-9.99,0.221,,,-9.99,,
10180011,2003.7252,31.805,64.725,,,67,,,66.5235,21.9792,5.1988,36.5941,215.85,-9.99,0.255,,,-9.99,,
10180011,2003.7252,31.805,64.725,,,69,,,68.509,21.7938,5.1798,36.5995,213.65,-9.99,0.317,,,-9.99,,
10180011,2003.7252,31.805,64.725,,,71,,,70.4944,21.6169,5.1615,36.6032,211.36,-9.99,0.373,,,-9.99,,
10180011,2003.7252,31.805,64.725,,,73,,,72.4798,21.4641,5.1456,36.6059,209.23,-9.99,0.414,,,-9.99,,
10180011,2003.7252,31.805,64.725,,,75,,,74.4652,21.3162,5.1303,36.6086,207.75,-9.99,0.422,,,-9.99,,
10180011,2003.7252,31.805,64.725,,,77,,,76.4506,21.2051,5.1189,36.6113,206.87,-9.99,0.408,,,-9.99,,
10180011,2003.7252,31.805,64.725,,,79,,,78.4359,21.0797,5.106,36.6143,206.12,-9.99,0.373,,,-9.99,,
10180011,2003.7252,31.805,64.725,,,81,,,80.4212,20.9876,5.0967,36.617,205.55,-9.99,0.349,,,-9.99,,
10180011,2003.7252,31.805,64.725,,,83,,,82.4066,20.9156,5.0895,36.62,205.3,-9.99,0.337,,,-9.99,,
10180011,2003.7252,31.805,64.725,,,85,,,84.3918,20.8533,5.0833,36.6232,205.05,-9.99,0.324,,,-9.99,,
10180011,2003.7252,31.805,64.725,,,87,,,86.3771,20.7572,5.0738,36.6278,204.38,-9.99,0.304,,,-9.99,,
10180011,2003.7252,31.805,64.725,,,89,,,88.3624,20.6618,5.0642,36.6316,203.95,-9.99,0.283,,,-9.99,,
10180011,2003.7252,31.805,64.725,,,91,,,90.3476,20.5602,5.0538,36.6335,203.64,-9.99,0.255,,,-9.99,,
10180011,2003.7252,31.805,64.725,,,93,,,92.3328,20.4568,5.043,36.6346,203.7,-9.99,0.254,,,-9.99,,
10180011,2003.7252,31.805,64.725,,,95,,,94.318,20.3844,5.0355,36.635,203.67,-9.99,0.241,,,-9.99,,
10180011,2003.7252,31.805,64.725,,,97,,,96.3032,20.3328,5.03,36.6342,203.45,-9.99,0.229,,,-9.99,,
10180011,2003.7252,31.805,64.725,,,99,,,98.2883,20.2688,5.0233,36.6335,203.22,-9.99,0.224,,,-9.99,,
10180011,2003.7252,31.805,64.725,,101,,100.2735,20.0738,5.0028,36.6343,203.85,-9.99,0.2,,,-9.99,,,,
10180011,2003.7252,31.805,64.725,,103,,102.2586,20.0424,4.9996,36.6343,203.82,-9.99,0.189,,,-9.99,,,,
10180011,2003.7252,31.805,64.725,,105,,104.2437,19.9648,4.9915,36.6346,203.88,-9.99,0.182,,,-9.99,,,,
10180011,2003.7252,31.805,64.725,,107,,106.2288,19.8566,4.9802,36.6351,204.06,-9.99,0.168,,,-9.99,,,,
10180011,2003.7252,31.805,64.725,,109,,108.2138,19.8277,4.9773,36.635,204.07,-9.99,0.166,,,-9.99,,,,
10180011,2003.7252,31.805,64.725,,111,,110.1989,19.7786,4.9721,36.6346,203.9,-9.99,0.16,,,-9.99,,,,
10180011,2003.7252,31.805,64.725,,113,,112.1839,19.7184,4.9659,36.6346,203.57,-9.99,0.153,,,-9.99,,,,
10180011,2003.7252,31.805,64.725,,115,,114.1689,19.6561,4.9594,36.6344,203.46,-9.99,0.144,,,-9.99,,,,
10180011,2003.7252,31.805,64.725,,117,,116.1539,19.6282,4.9565,36.6343,203.55,-9.99,0.138,,,-9.99,,,,
10180011,2003.7252,31.805,64.725,,119,,118.1389,19.5793,4.9514,36.6343,203.45,-9.99,0.129,,,-9.99,,,,
10180011,2003.7252,31.805,64.725,,121,,120.1238,19.5042,4.9434,36.6323,203.69,-9.99,0.11,,,-9.99,,,,
10180011,2003.7252,31.805,64.725,,123,,122.1087,19.4575,4.9384,36.6315,203.7,-9.99,0.099,,,-9.99,,,,
10180011,2003.7252,31.805,64.725,,125,,124.0936,19.4293,4.9355,36.631,203.74,-9.99,0.091,,,-9.99,,,,
10180011,2003.7252,31.805,64.725,,127,,126.0785,19.3795,4.9302,36.6302,203.84,-9.99,0.08,,,-9.99,,,,
10180011,2003.7252,31.805,64.725,,129,,128.0634,19.3601,4.9283,36.6299,203.89,-9.99,0.076,,,-9.99,,,,
10180011,2003.7252,31.805,64.725,,131,,130.0482,19.3106,4.923,36.6286,204.12,-9.99,0.065,,,-9.99,,,,
10180011,2003.7252,31.805,64.725,,133,,132.0331,19.2961,4.9215,36.6281,204.22,-9.99,0.063,,,-9.99,,,,
10180011,2003.7252,31.805,64.725,,135,,134.0179,19.2772,4.9195,36.6271,204.33,-9.99,0.058,,,-9.99,,,,
10180011,2003.7252,31.805,64.725,,137,,136.0027,19.2627,4.9179,36.6263,204.43,-9.99,0.054,,,-9.99,,,,
10180011,2003.7252,31.805,64.725,,139,,137.9874,19.2336,4.9147,36.6239,204.5,-9.99,0.056,,,-9.99,,,,
10180011,2003.7252,31.805,64.725,,141,,139.9722,19.2155,4.9128,36.6231,204.46,-9.99,0.058,,,-9.99,,,,
10180011,2003.7252,31.805,64.725,,143,,141.9569,19.2037,4.9119,36.6252,204.17,-9.99,0.053,,,-9.99,,,,
10180011,2003.7252,31.805,64.725,,145,,143.9416,19.1873,4.9102,36.625,204.1,-9.99,0.044,,,-9.99,,,,
10180011,2003.7252,31.805,64.725,,147,,145.9263,19.1601,4.9072,36.6228,204.27,-9.99,0.045,,,-9.99,,,,
10180011,2003.7252,31.805,64.725,,149,,147.911,19.1433,4.9052,36.6203,204.4,-9.99,0.043,,,-9.99,,,,
10180011,2003.7252,31.805,64.725,,151,,149.8957,19.1303,4.9038,36.619,204.35,-9.99,0.042,,,-9.99,,,,
10180011,2003.7252,31.805,64.725,,153,,151.8803,19.1229,4.9031,36.6188,204.24,-9.99,0.041,,,-9.99,,,,
10180011,2003.7252,31.805,64.725,,155,,153.8649,19.1168,4.9025,36.6187,204.16,-9.99,0.041,,,-9.99,,,,
10180011,2003.7252,31.805,64.725,,157,,155.8495,19.1098,4.9018,36.6184,204.08,-9.99,0.041,,,-9.99,,,,
10180011,2003.7252,31.805,64.725,,159,,157.8341,19.0974,4.9005,36.6176,204.01,-9.99,0.037,,,-9.99,,,,
10180011,2003.7252,31.805,64.725,,161,,159.8187,19.0854,4.8992,36.6166,204.08,-9.99,0.037,,,-9.99,,,,
10180011,2003.7252,31.805,64.725,,163,,161.8032,19.0762,4.8983,36.6158,204.15,-9.99,0.036,,,-9.99,,,,
10180011,2003.7252,31.805,64.725,,165,,163.7877,19.0709,4.8977,36.6154,204.17,-9.99,0.034,,,-9.99,,,,
10180011,2003.7252,31.805,64.725,,167,,165.7722,19.0655,4.8972,36.6149,204.31,-9.99,0.039,,,-9.99,,,,
10180011,2003.7252,31.805,64.725,,169,,167.7567,19.0628,4.8969,36.6144,204.46,-9.99,0.035,,,-9.99,,,,
10180011,2003.7252,31.805,64.725,,171,,169.7412,19.0572,4.8963,36.6135,204.53,-9.99,0.035,,,-9.99,,,,
10180011,2003.7252,31.805,64.725,,173,,171.7256,19.0463,4.8951,36.6121,204.62,-9.99,0.034,,,-9.99,,,,
10180011,2003.7252,31.805,64.725,,175,,173.71,19.0401,4.8945,36.6114,204.66,-9.99,0.035,,,-9.99,,,,
10180011,2003.7252,31.805,64.725,,177,,175.6945,19.0316,4.8936,36.6106,204.69,-9.99,0.035,,,-9.99,,,,
10180011,2003.7252,31.805,64.725,,179,,177.6788,19.0194,4.8923,36.6095,204.81,-9.99,0.035,,,-9.99,,,,
10180011,2003.7252,31.805,64.725,,181,,179.6632,19.0053,4.8907,36.6084,204.85,-9.99,0.034,,,-9.99,,,,
10180011,2003.7252,31.805,64.725,,183,,181.6476,18.9972,4.8899,36.608,204.9,-9.99,0.033,,,-9.99,,,,
10180011,2003.7252,31.805,64.725,,185,,183.6319,18.9911,4.8893,36.6077,204.91,-9.99,0.034,,,-9.99,,,,
10180011,2003.7252,31.805,64.725,,187,,185.6162,18.9763,4.8878,36.6067,205.04,-9.99,0.042,,,-9.99,,,,
10180011,2003.7252,31.805,64.725,,189,,187.6005,18.9774,4.888,36.6067,204.96,-9.99,0.038,,,-9.99,,,,
10180011,2003.7252,31.805,64.725,,191,,189.5848,18.9696,4.8872,36.6062,204.95,-9.99,0.03,,,-9.99,,,,
10180011,2003.7252,31.805,64.725,,193,,191.569,18.9557,4.8857,36.6055,204.9,-9.99,0.028,,,-9.99,,,,
10180011,2003.7252,31.805,64.725,,195,,193.5533,18.9415,4.8842,36.6048,204.91,-9.99,0.027,,,-9.99,,,,
10180011,2003.7252,31.805,64.725,,197,,195.5375,18.919,4.8818,36.6037,204.75,-9.99,0.028,,,-9.99,,,,
10180011,2003.7252,31.805,64.725,,199,,197.5217,18.9027,4.8801,36.6027,205.12,-9.99,0.027,,,-9.99,,,,
10180011,2003.7252,31.805,64.725,,201,,199.5058,18.8923,4.879,36.6022,205.25,-9.99,0.029,,,-9.99,,,,
10180011,2003.7252,31.805,64.725,,203,,201.49,18.88,4.8778,36.6016,205.21,-9.99,0.027,,,-9.99,,,,
10180011,2003.7252,31.805,64.725,,205,,203.4741,18.8685,4.8766,36.601,205.44,-9.99,0.029,,,-9.99,,,,
10180011,2003.7252,31.805,64.725,,207,,205.4583,18.8625,4.876,36.6007,205.5,-9.99,0.032,,,-9.99,,,,
10180011,2003.7252,31.805,64.725,,209,,207.4424,18.8596,4.8758,36.6006,205.56,-9.99,0.042,,,-9.99,,,,
10180011,2003.7252,31.805,64.725,,211,,209.4264,18.8561,4.8755,36.6002,205.51,-9.99,0.031,,,-9.99,,,,
10180011,2003.7252,31.805,64.725,,213,,211.4105,18.8356,4.8733,36.5992,205.64,-9.99,0.033,,,-9.99,,,,
10180011,2003.7252,31.805,64.725,,215,,213.3945,18.8322,4.873,36.5993,205.48,-9.99,0.029,,,-9.99,,,,
10180011,2003.7252,31.805,64.725,,217,,215.3786,18.8288,4.8728,36.5994,205.32,-9.99,0.023,,,-9.99,,,,
10180011,2003.7252,31.805,64.725,,219,,217.3626,18.8263,4.8726,36.5993,205.36,-9.99,0.028,,,-9.99,,,,
10180011,2003.7252,31.805,64.725,,221,,219.3466,18.8212,4.8721,36.5988,205.44,-9.99,0.033,,,-9.99,,,,
10180011,2003.7252,31.805,64.725,,223,,221.3305,18.8106,4.871,36.5985,205.17,-9.99,0.025,,,-9.99,,,,
10180011,2003.7252,31.805,64.725,,225,,223.3145,18.8015,4.8702,36.5987,204.79,-9.99,0.026,,,-9.99,,,,
10180011,2003.7252,31.805,64.725,,227,,225.2984,18.7949,4.8696,36.5989,204.49,-9.99,0.027,,,-9.99,,,,
10180011,2003.7252,31.805,64.725,,229,,227.2823,18.7837,4.8685,36.5984,204.59,-9.99,0.032,,,-9.99,,,,
10180011,2003.7252,31.805,64.725,,231,,229.2662,18.769,4.8669,36.5971,204.97,-9.99,0.033,,,-9.99,,,,
10180011,2003.7252,31.805,64.725,,233,,231.2501,18.7637,4.8663,36.5967,205.09,-9.99,0.03,,,-9.99,,,,
10180011,2003.7252,31.805,64.725,,235,,233.2339,18.7565,4.8656,36.596,205.24,-9.99,0.027,,,-9.99,,,,
10180011,2003.7252,31.805,64.725,,237,,235.2178,18.7494,4.8649,36.5954,205.28,-9.99,0.023,,,-9.99,,,,
10180011,2003.7252,31.805,64.725,,239,,237.2016,18.7448,4.8644,36.5951,205.28,-9.99,0.022,,,-9.99,,,,
10180011,2003.7252,31.805,64.725,,241,,239.1854,18.7414,4.8641,36.5948,205.2,-9.99,0.024,,,-9.99,,,,
10180011,2003.7252,31.805,64.725,,243,,241.1691,18.7358,4.8636,36.5945,205.01,-9.99,0.026,,,-9.99,,,,
10180011,2003.7252,31.805,64.725,,245,,243.1529,18.7304,4.8631,36.5943,204.77,-9.99,0.027,,,-9.99,,,,
10180011,2003.7252,31.805,64.725,,247,,245.1366,18.7247,4.8626,36.5942,204.12,-9.99,0.027,,,-9.99,,,,
10180011,2003.7252,31.805,64.725,,249,,247.1203,18.7226,4.8625,36.5944,204.08,-9.99,0.025,,,-9.99,,,,
10180011,2003.7252,31.805,64.725,,251,,249.104,18.7192,4.8622,36.5941,204.01,-9.99,0.024,,,-9.99,,,,
10180011,2003.7252,31.805,64.725,,253,,251.0877,18.7141,4.8617,36.5936,204.23,-9.99,0.024,,,-9.99,,,,
10180011,2003.7252,31.805,64.725,,255,,253.0714,18.7018,4.8603,36.5921,204.72,-9.99,0.025,,,-9.99,,,,
10180011,2003.7252,31.805,64.725,,257,,255.055,18.6974,4.8599,36.5915,204.88,-9.99,0.025,,,-9.99,,,,
10180011,2003.7252,31.805,64.725,,259,,257.0386,18.6878,4.8588,36.5905,205.24,-9.99,0.026,,,-9.99,,,,
10180011,2003.7252,31.805,64.725,,261,,259.0222,18.681,4.8581,36.5897,205.43,-9.99,0.027,,,-9.99,,,,
10180011,2003.7252,31.805,64.725,,263,,261.0058,18.6728,4.8573,36.589,205.65,-9.99,0.028,,,-9.99,,,,
10180011,2003.7252,31.805,64.725,,265,,262.9894,18.6661,4.8566,36.5884,205.82,-9.99,0.027,,,-9.99,,,,
10180011,2003.7252,31.805,64.725,,267,,264.9729,18.6611,4.8561,36.588,205.87,-9.99,0.027,,,-9.99,,,,
10180011,2003.7252,31.805,64.725,,269,,266.9565,18.6578,4.8558,36.5878,205.84,-9.99,0.026,,,-9.99,,,,
10180011,2003.7252,31.805,64.725,,271,,268.94,18.6488,4.8549,36.5869,205.6,-9.99,0.025,,,-9.99,,,,
10180011,2003.7252,31.805,64.725,,273,,270.9235,18.6356,4.8534,36.5856,205.31,-9.99,0.025,,,-9.99,,,,
10180011,2003.7252,31.805,64.725,,275,,272.9069,18.6253,4.8523,36.5846,205.13,-9.99,0.025,,,-9.99,,,,
10180011,2003.7252,31.805,64.725,,277,,274.8904,18.6102,4.8506,36.5831,204.87,-9.99,0.026,,,-9.99,,,,
10180011,2003.7252,31.805,64.725,,279,,276.8738,18.6032,4.8499,36.5823,204.97,-9.99,0.025,,,-9.99,,,,
10180011,2003.7252,31.805,64.725,,281,,278.8572,18.591,4.8485,36.5807,204.71,-9.99,0.023,,,-9.99,,,,
10180011,2003.7252,31.805,64.725,,283,,280.8406,18.5618,4.8453,36.5785,204.67,-9.99,0.029,,,-9.99,,,,
10180011,2003.7252,31.805,64.725,,285,,282.824,18.558,4.8449,36.5781,204.97,-9.99,0.019,,,-9.99,,,,
10180011,2003.7252,31.805,64.725,,287,,284.8073,18.5465,4.8436,36.5764,205.04,-9.99,0.025,,,-9.99,,,,
10180011,2003.7252,31.805,64.725,,289,,286.7907,18.5396,4.8429,36.5754,205.2,-9.99,0.034,,,-9.99,,,,
10180011,2003.7252,31.805,64.725,,291,,288.774,18.5262,4.8414,36.5737,204.77,-9.99,0.028,,,-9.99,,,,
10180011,2003.7252,31.805,64.725,,293,,290.7573,18.5109,4.8397,36.572,204.05,-9.99,0.019,,,-9.99,,,,
10180011,2003.7252,31.805,64.725,,295,,292.7406,18.5065,4.8392,36.5714,203.03,-9.99,0.026,,,-9.99,,,,
10180011,2003.7252,31.805,64.725,,297,,294.7238,18.4843,4.8368,36.5695,202.22,-9.99,0.02,,,-9.99,,,,
10180011,2003.7252,31.805,64.725,,299,,296.7071,18.4684,4.835,36.5677,202,-9.99,0.031,,,-9.99,,,,
10180011,2003.7252,31.805,64.725,,301,,298.6903,18.4605,4.8342,36.5671,202.37,-9.99,0.028,,,-9.99,,,,
10180011,2003.7252,31.805,64.725,,303,,300.6735,18.4418,4.832,36.5649,203.03,-9.99,0.021,,,-9.99,,,,
10180011,2003.7252,31.805,64.725,,305,,302.6567,18.43,4.8307,36.5631,202.97,-9.99,0.023,,,-9.99,,,,
10180011,2003.7252,31.805,64.725,,307,,304.6398,18.4151,4.829,36.5611,202.87,-9.99,0.027,,,-9.99,,,,
10180011,2003.7252,31.805,64.725,,309,,306.623,18.4122,4.8288,36.5613,202.44,-9.99,0.027,,,-9.99,,,,
10180011,2003.7252,31.805,64.725,,311,,308.6061,18.4054,4.8281,36.5606,202.13,-9.99,0.028,,,-9.99,,,,
10180011,2003.7252,31.805,64.725,,313,,310.5892,18.3957,4.827,36.5594,202.08,-9.99,0.029,,,-9.99,,,,
10180011,2003.7252,31.805,64.725,,315,,312.5723,18.3862,4.8259,36.5576,202.28,-9.99,0.021,,,-9.99,,,,
10180011,2003.7252,31.805,64.725,,317,,314.5554,18.3796,4.8252,36.5567,202.03,-9.99,0.021,,,-9.99,,,,
10180011,2003.7252,31.805,64.725,,319,,316.5384,18.3752,4.8248,36.5561,201.76,-9.99,0.023,,,-9.99,,,,
10180011,2003.7252,31.805,64.725,,321,,318.5214,18.3666,4.8238,36.5551,201.68,-9.99,0.024,,,-9.99,,,,
10180011,2003.7252,31.805,64.725,,323,,320.5044,18.3607,4.8232,36.5544,201.5,-9.99,0.023,,,-9.99,,,,
10180011,2003.7252,31.805,64.725,,325,,322.4874,18.3511,4.8221,36.5529,201.51,-9.99,0.022,,,-9.99,,,,
10180011,2003.7252,31.805,64.725,,327,,324.4704,18.3422,4.8212,36.5518,201.19,-9.99,0.022,,,-9.99,,,,
10180011,2003.7252,31.805,64.725,,329,,326.4534,18.3287,4.8197,36.5503,200.06,-9.99,0.022,,,-9.99,,,,
10180011,2003.7252,31.805,64.725,,331,,328.4363,18.3219,4.819,36.55,199.19,-9.99,0.025,,,-9.99,,,,
10180011,2003.7252,31.805,64.725,,333,,330.4192,18.3108,4.8179,36.5492,198.07,-9.99,0.026,,,-9.99,,,,
10180011,2003.7252,31.805,64.725,,335,,332.4021,18.2961,4.8163,36.5478,197.31,-9.99,0.025,,,-9.99,,,,
10180011,2003.7252,31.805,64.725,,337,,334.385,18.2857,4.8151,36.5465,197.04,-9.99,0.022,,,-9.99,,,,
10180011,2003.7252,31.805,64.725,,339,,336.3678,18.2711,4.8135,36.5448,196.61,-9.99,0.02,,,-9.99,,,,
10180011,2003.7252,31.805,64.725,,341,,338.3507,18.255,4.8116,36.5428,196.28,-9.99,0.02,,,-9.99,,,,
10180011,2003.7252,31.805,64.725,,343,,340.3335,18.2377,4.8097,36.5407,196.08,-9.99,0.021,,,-9.99,,,,
10180011,2003.7252,31.805,64.725,,345,,342.3163,18.2245,4.8082,36.539,196.04,-9.99,0.022,,,-9.99,,,,
10180011,2003.7252,31.805,64.725,,347,,344.2991,18.2155,4.8072,36.5378,196.03,-9.99,0.019,,,-9.99,,,,
10180011,2003.7252,31.805,64.725,,349,,346.2818,18.2123,4.8069,36.5375,196.12,-9.99,0.017,,,-9.99,,,,
10180011,2003.7252,31.805,64.725,,351,,348.2646,18.2089,4.8066,36.5371,195.73,-9.99,0.021,,,-9.99,,,,
10180011,2003.7252,31.805,64.725,,353,,350.2473,18.207,4.8065,36.5368,195.76,-9.99,0.029,,,-9.99,,,,
10180011,2003.7252,31.805,64.725,,355,,352.23,18.2045,4.8063,36.5364,195.55,-9.99,0.029,,,-9.99,,,,
10180011,2003.7252,31.805,64.725,,357,,354.2127,18.1988,4.8056,36.5355,195.16,-9.99,0.023,,,-9.99,,,,
10180011,2003.7252,31.805,64.725,,359,,356.1954,18.1836,4.8038,36.5329,194.38,-9.99,0.022,,,-9.99,,,,
10180011,2003.7252,31.805,64.725,,361,,358.178,18.1454,4.7994,36.5279,193.62,-9.99,0.029,,,-9.99,,,,
10180011,2003.7252,31.805,64.725,,363,,360.1606,18.1336,4.7981,36.5268,193.52,-9.99,0.026,,,-9.99,,,,
10180011,2003.7252,31.805,64.725,,365,,362.1432,18.1247,4.7971,36.5252,193.02,-9.99,0.025,,,-9.99,,,,
10180011,2003.7252,31.805,64.725,,367,,364.1258,18.106,4.7949,36.5225,192.7,-9.99,0.028,,,-9.99,,,,
10180011,2003.7252,31.805,64.725,,369,,366.1084,18.0934,4.7935,36.521,192.38,-9.99,0.03,,,-9.99,,,,
10180011,2003.7252,31.805,64.725,,371,,368.0909,18.0752,4.7914,36.5184,192.03,-9.99,0.03,,,-9.99,,,,
10180011,2003.7252,31.805,64.725,,373,,370.0735,18.056,4.7891,36.5155,191.78,-9.99,0.029,,,-9.99,,,,
10180011,2003.7252,31.805,64.725,,375,,372.056,18.0295,4.7861,36.5121,191.38,-9.99,0.028,,,-9.99,,,,
10180011,2003.7252,31.805,64.725,,377,,374.0385,18.0056,4.7832,36.5083,191.12,-9.99,0.028,,,-9.99,,,,
10180011,2003.7252,31.805,64.725,,379,,376.021,17.9747,4.7796,36.504,190.69,-9.99,0.025,,,-9.99,,,,
10180011,2003.7252,31.805,64.725,,381,,378.0034,17.9459,4.7762,36.4993,190.17,-9.99,0.026,,,-9.99,,,,
10180011,2003.7252,31.805,64.725,,383,,379.9859,17.9144,4.7724,36.4945,189.58,-9.99,0.027,,,-9.99,,,,
10180011,2003.7252,31.805,64.725,,385,,381.9683,17.8871,4.7692,36.4906,189.13,-9.99,0.027,,,-9.99,,,,
10180011,2003.7252,31.805,64.725,,387,,383.9507,17.8686,4.7672,36.4887,188.74,-9.99,0.026,,,-9.99,,,,
10180011,2003.7252,31.805,64.725,,389,,385.9331,17.8628,4.7665,36.4877,188.45,-9.99,0.023,,,-9.99,,,,
10180011,2003.7252,31.805,64.725,,391,,387.9154,17.8551,4.7657,36.4863,188.25,-9.99,0.024,,,-9.99,,,,
10180011,2003.7252,31.805,64.725,,393,,389.8978,17.841,4.764,36.4836,187.88,-9.99,0.023,,,-9.99,,,,
10180011,2003.7252,31.805,64.725,,395,,391.8801,17.8208,4.7616,36.4803,187.56,-9.99,0.023,,,-9.99,,,,
10180011,2003.7252,31.805,64.725,,397,,393.8624,17.7925,4.7582,36.4761,187.18,-9.99,0.02,,,-9.99,,,,
10180011,2003.7252,31.805,64.725,,399,,395.8447,17.7854,4.7575,36.4756,187.19,-9.99,0.021,,,-9.99,,,,
10180011,2003.7252,31.805,64.725,,401,,397.8269,17.7747,4.7563,36.474,187.08,-9.99,0.023,,,-9.99,,,,
10180011,2003.7252,31.805,64.725,,403,,399.8092,17.763,4.755,36.4725,187.02,-9.99,0.024,,,-9.99,,,,
10180011,2003.7252,31.805,64.725,,405,,401.7914,17.7541,4.7541,36.4713,187.01,-9.99,0.025,,,-9.99,,,,
10180011,2003.7252,31.805,64.725,,407,,403.7736,17.7404,4.7525,36.4694,186.99,-9.99,0.024,,,-9.99,,,,
10180011,2003.7252,31.805,64.725,,409,,405.7558,17.7227,4.7505,36.4672,187.05,-9.99,0.023,,,-9.99,,,,
10180011,2003.7252,31.805,64.725,,411,,407.738,17.708,4.7489,36.4654,187.18,-9.99,0.023,,,-9.99,,,,
10180011,2003.7252,31.805,64.725,,413,,409.7201,17.6797,4.7455,36.4608,187.26,-9.99,0.022,,,-9.99,,,,
10180011,2003.7252,31.805,64.725,,415,,411.7023,17.6606,4.7435,36.4598,187.33,-9.99,0.026,,,-9.99,,,,
10180011,2003.7252,31.805,64.725,,417,,413.6844,17.6541,4.7427,36.4586,187.33,-9.99,0.017,,,-9.99,,,,
10180011,2003.7252,31.805,64.725,,419,,415.6665,17.64,4.7411,36.4561,187.43,-9.99,0.016,,,-9.99,,,,
10180011,2003.7252,31.805,64.725,,421,,417.6485,17.6025,4.7365,36.4496,187.49,-9.99,0.019,,,-9.99,,,,
10180011,2003.7252,31.805,64.725,,423,,419.6306,17.5573,4.7313,36.4443,187.5,-9.99,0.02,,,-9.99,,,,
10180011,2003.7252,31.805,64.725,,425,,421.6126,17.5337,4.7287,36.4417,187.44,-9.99,0.019,,,-9.99,,,,
10180011,2003.7252,31.805,64.725,,427,,423.5947,17.5267,4.7279,36.4408,187.37,-9.99,0.017,,,-9.99,,,,
10180011,2003.7252,31.805,64.725,,429,,425.5767,17.5255,4.7278,36.4404,187.14,-9.99,0.023,,,-9.99,,,,
10180011,2003.7252,31.805,64.725,,431,,427.5586,17.522,4.7275,36.4402,187.02,-9.99,0.026,,,-9.99,,,,
10180011,2003.7252,31.805,64.725,,433,,429.5406,17.5044,4.7253,36.4354,186.98,-9.99,0.024,,,-9.99,,,,
10180011,2003.7252,31.805,64.725,,435,,431.5225,17.4717,4.7215,36.4312,186.99,-9.99,0.024,,,-9.99,,,,
10180011,2003.7252,31.805,64.725,,437,,433.5045,17.4516,4.7192,36.4283,186.93,-9.99,0.022,,,-9.99,,,,
10180011,2003.7252,31.805,64.725,,439,,435.4864,17.4301,4.7167,36.4251,186.98,-9.99,0.018,,,-9.99,,,,
10180011,2003.7252,31.805,64.725,,441,,437.4683,17.4167,4.7151,36.4232,187.45,-9.99,0.021,,,-9.99,,,,
10180011,2003.7252,31.805,64.725,,443,,439.4501,17.4066,4.714,36.4219,187.93,-9.99,0.025,,,-9.99,,,,
10180011,2003.7252,31.805,64.725,,445,,441.432,17.3961,4.7129,36.4208,188.54,-9.99,0.032,,,-9.99,,,,
10180011,2003.7252,31.805,64.725,,447,,443.4138,17.3801,4.7112,36.4197,188.77,-9.99,0.019,,,-9.99,,,,
10180011,2003.7252,31.805,64.725,,449,,445.3956,17.3674,4.7099,36.4187,188.76,-9.99,0.012,,,-9.99,,,,
10180011,2003.7252,31.805,64.725,,451,,447.3774,17.3617,4.7092,36.4176,188.7,-9.99,0.018,,,-9.99,,,,
10180011,2003.7252,31.805,64.725,,453,,449.3592,17.343,4.707,36.4138,188.65,-9.99,0.025,,,-9.99,,,,
10180011,2003.7252,31.805,64.725,,455,,451.3409,17.3257,4.7051,36.412,188.78,-9.99,0.023,,,-9.99,,,,
10180011,2003.7252,31.805,64.725,,457,,453.3226,17.3178,4.7042,36.4105,189.04,-9.99,0.018,,,-9.99,,,,
10180011,2003.7252,31.805,64.725,,459,,455.3044,17.3027,4.7024,36.4077,189.24,-9.99,0.021,,,-9.99,,,,
10180011,2003.7252,31.805,64.725,,461,,457.2861,17.284,4.7004,36.4066,189.22,-9.99,0.028,,,-9.99,,,,
10180011,2003.7252,31.805,64.725,,463,,459.2677,17.2812,4.7001,36.4059,189.12,-9.99,0.023,,,-9.99,,,,
10180011,2003.7252,31.805,64.725,,465,,461.2494,17.2692,4.6986,36.4028,189.14,-9.99,0.021,,,-9.99,,,,
10180011,2003.7252,31.805,64.725,,467,,463.231,17.2197,4.6926,36.3945,189.17,-9.99,0.025,,,-9.99,,,,
10180011,2003.7252,31.805,64.725,,469,,465.2126,17.1953,4.6899,36.3919,189.2,-9.99,0.024,,,-9.99,,,,
10180011,2003.7252,31.805,64.725,,471,,467.1942,17.1852,4.6888,36.3905,189.17,-9.99,0.022,,,-9.99,,,,
10180011,2003.7252,31.805,64.725,,473,,469.1758,17.1788,4.6881,36.3894,189.13,-9.99,0.03,,,-9.99,,,,
10180011,2003.7252,31.805,64.725,,475,,471.1574,17.1734,4.6875,36.3883,189.05,-9.99,0.025,,,-9.99,,,,
10180011,2003.7252,31.805,64.725,,477,,473.1389,17.1661,4.6867,36.3867,189.01,-9.99,0.018,,,-9.99,,,,
10180011,2003.7252,31.805,64.725,,479,,475.1205,17.1366,4.6831,36.3812,188.89,-9.99,0.018,,,-9.99,,,,
10180011,2003.7252,31.805,64.725,,481,,477.102,17.1158,4.6808,36.3791,188.71,-9.99,0.017,,,-9.99,,,,
10180011,2003.7252,31.805,64.725,,483,,479.0834,17.1099,4.68,36.3773,188.6,-9.99,0.031,,,-9.99,,,,
10180011,2003.7252,31.805,64.725,,485,,481.0649,17.0866,4.6772,36.3728,188.63,-9.99,0.027,,,-9.99,,,,
10180011,2003.7252,31.805,64.725,,487,,483.0464,17.0709,4.6754,36.3706,188.55,-9.99,0.025,,,-9.99,,,,
10180011,2003.7252,31.805,64.725,,489,,485.0278,17.0605,4.6743,36.3692,188.38,-9.99,0.025,,,-9.99,,,,
10180011,2003.7252,31.805,64.725,,491,,487.0092,17.0577,4.674,36.3688,188.15,-9.99,0.021,,,-9.99,,,,
10180011,2003.7252,31.805,64.725,,493,,488.9906,17.054,4.6737,36.3681,187.96,-9.99,0.018,,,-9.99,,,,
10180011,2003.7252,31.805,64.725,,495,,490.972,17.0442,4.6725,36.366,187.73,-9.99,0.02,,,-9.99,,,,
10180011,2003.7252,31.805,64.725,,497,,492.9533,17.0246,4.6701,36.3617,187.67,-9.99,0.013,,,-9.99,,,,
10180011,2003.7252,31.805,64.725,,499,,494.9346,16.9955,4.6667,36.3576,187.78,-9.99,0.022,,,-9.99,,,,
10180011,2003.7252,31.805,64.725,,501,,496.916,16.9776,4.6646,36.3547,187.72,-9.99,0.024,,,-9.99,,,,
10180011,2003.7252,31.805,64.725,,503,,498.8973,16.9654,4.6632,36.3525,187.66,-9.99,0.025,,,-9.99,,,,
10180011,2003.7252,31.805,64.725,,505,,500.8785,16.948,4.6611,36.3494,187.72,-9.99,0.025,,,-9.99,,,,
10180011,2003.7252,31.805,64.725,,507,,502.8598,16.9263,4.6586,36.3457,187.76,-9.99,0.024,,,-9.99,,,,
